16256 26 26 9
16192 26 26 9
16064 26 26 9
15808 26 28 9
15296 26 26 9
14272 26 28 9
12224 26 27 9
8128 26 26 9
16160 26 26 9
16032 26 28 9
15776 26 28 9
15264 26 26 9
14240 26 28 9
12192 26 27 9
8096 26 26 9
15968 26 28 9
15712 26 27 9
15200 27 27 9
14176 26 28 9
12128 26 27 9
8032 26 26 9
15584 26 27 9
15072 26 26 9
14048 26 28 9
12000 26 27 9
7904 26 28 9
14816 27 27 9
13792 26 28 9
11744 26 28 9
7648 26 26 9
13280 26 28 9
11232 26 26 9
7136 26 26 9
10208 26 28 9
6112 26 28 9
4064 26 26 9
16144 26 26 9
16016 26 28 9
15760 26 28 9
15248 27 27 9
14224 26 28 9
12176 26 27 9
8080 26 26 9
15952 26 28 9
15696 26 28 9
15184 26 26 9
14160 26 28 9
12112 26 26 9
8016 26 26 9
15568 26 27 9
15056 26 28 9
14032 26 28 9
11984 26 27 9
7888 26 28 9
14800 26 28 9
13776 26 26 9
11728 26 27 9
7632 26 26 9
13264 27 27 9
11216 26 27 9
7120 26 28 9
10192 26 28 9
6096 26 28 9
4048 26 26 9
15920 26 28 9
15664 26 27 9
15152 26 27 9
14128 26 28 9
12080 26 27 9
7984 26 26 9
15536 26 28 9
15024 26 26 9
14000 26 26 9
11952 26 28 9
7856 26 28 9
14768 26 26 9
13744 27 28 9
11696 26 28 9
7600 27 27 9
13232 26 28 9
11184 26 28 9
7088 27 27 9
10160 26 28 9
6064 26 28 9
4016 26 26 9
15472 26 28 9
14960 26 26 9
13936 26 28 9
11888 26 28 9
7792 28 28 9
14704 26 27 9
13680 26 28 9
11632 26 28 9
7536 26 26 9
13168 27 27 9
11120 26 28 9
7024 27 27 9
10096 26 28 9
6000 26 28 9
3952 27 27 9
14576 26 26 9
13552 26 28 9
11504 26 27 9
7408 26 26 9
13040 26 28 9
10992 26 27 9
6896 27 27 9
9968 26 28 9
5872 26 28 9
3824 26 26 9
12784 26 28 9
10736 26 26 9
6640 26 26 9
9712 26 27 9
5616 26 26 9
3568 26 26 9
9200 26 28 9
5104 26 28 9
3056 26 26 9
2032 26 26 9
16136 26 26 9
16008 26 28 9
15752 26 27 9
15240 26 26 9
14216 27 27 9
12168 26 27 9
8072 26 26 9
15944 27 27 9
15688 26 26 9
15176 26 27 9
14152 26 28 9
12104 26 26 9
8008 27 27 9
15560 26 27 9
15048 28 28 9
14024 27 27 9
11976 26 28 9
7880 26 28 9
14792 26 27 9
13768 26 26 9
11720 26 28 9
7624 26 28 9
13256 26 26 9
11208 26 27 9
7112 26 26 9
10184 26 28 9
6088 26 28 9
4040 27 27 9
15912 26 28 9
15656 26 27 9
15144 27 27 9
14120 27 28 9
12072 26 26 9
7976 26 26 9
15528 27 27 9
15016 26 28 9
13992 26 28 9
11944 26 27 9
7848 26 26 9
14760 26 26 9
13736 26 26 9
11688 27 28 9
7592 26 26 9
13224 26 26 9
11176 28 28 9
7080 26 26 9
10152 26 27 9
6056 26 26 9
4008 26 26 9
15464 26 28 9
14952 26 26 9
13928 26 28 9
11880 26 28 9
7784 26 28 9
14696 26 26 9
13672 26 28 9
11624 26 27 9
7528 26 28 9
13160 27 27 9
11112 27 27 9
7016 26 26 9
10088 27 28 9
5992 27 28 9
3944 26 26 9
14568 26 28 9
13544 26 26 9
11496 26 27 9
7400 26 26 9
13032 27 27 9
10984 26 28 9
6888 27 28 9
9960 26 28 9
5864 27 28 9
3816 27 27 9
12776 26 26 9
10728 26 27 9
6632 26 26 9
9704 26 28 9
5608 26 28 9
3560 26 26 9
9192 26 28 9
5096 26 28 9
3048 26 26 9
2024 26 26 9
15896 26 28 9
15640 26 27 9
15128 26 26 9
14104 26 28 9
12056 26 26 9
7960 26 26 9
15512 26 27 9
15000 26 27 9
13976 26 28 9
11928 26 28 9
7832 26 28 9
14744 26 26 9
13720 26 28 9
11672 26 28 9
7576 27 28 9
13208 26 26 9
11160 26 26 9
7064 26 26 9
10136 26 28 9
6040 26 28 9
3992 27 27 9
15448 26 26 9
14936 26 26 9
13912 26 26 9
11864 26 28 9
7768 26 26 9
14680 26 27 9
13656 26 26 9
11608 27 27 9
7512 26 26 9
13144 26 28 9
11096 26 28 9
7000 27 27 9
10072 26 28 9
5976 28 28 9
3928 26 26 9
14552 26 28 9
13528 27 27 9
11480 26 28 9
7384 27 27 9
13016 27 27 9
10968 26 28 9
6872 27 27 9
9944 26 28 9
5848 27 28 9
3800 27 27 9
12760 27 27 9
10712 27 27 9
6616 27 27 9
9688 27 28 9
5592 27 27 9
3544 27 27 9
9176 26 28 9
5080 26 28 9
3032 27 27 9
2008 26 26 9
15416 26 26 9
14904 26 27 9
13880 26 28 9
11832 27 27 9
7736 26 28 9
14648 27 27 9
13624 27 28 9
11576 26 27 9
7480 26 26 9
13112 26 28 9
11064 26 26 9
6968 26 26 9
10040 26 27 9
5944 26 28 9
3896 28 28 9
14520 27 27 9
13496 26 28 9
11448 26 28 9
7352 26 28 9
12984 26 28 9
10936 26 27 9
6840 27 28 9
9912 26 27 9
5816 26 26 9
3768 26 26 9
12728 26 26 9
10680 27 27 9
6584 27 27 9
9656 26 27 9
5560 26 26 9
3512 27 27 9
9144 26 27 9
5048 26 28 9
3000 26 26 9
1976 27 27 9
14456 26 27 9
13432 26 28 9
11384 26 27 9
7288 26 26 9
12920 27 27 9
10872 26 26 9
6776 26 26 9
9848 26 28 9
5752 26 28 9
3704 26 26 9
12664 26 26 9
10616 26 26 9
6520 26 26 9
9592 26 28 9
5496 27 28 9
3448 28 28 9
9080 26 27 9
4984 27 27 9
2936 27 27 9
1912 28 28 9
12536 27 28 9
10488 27 27 9
6392 26 26 9
9464 26 28 9
5368 26 26 9
3320 26 26 9
8952 26 28 9
4856 26 28 9
2808 26 26 9
1784 26 26 9
8696 26 28 9
4600 26 28 9
2552 26 26 9
1528 26 26 9
1016 26 26 9
16132 27 28 9
16004 26 26 9
15748 26 27 9
15236 27 27 9
14212 26 28 9
12164 26 27 9
8068 28 28 9
15940 26 27 9
15684 26 26 9
15172 26 26 9
14148 26 26 9
12100 26 27 9
8004 27 27 9
15556 26 26 9
15044 27 27 9
14020 26 28 9
11972 26 28 9
7876 26 28 9
14788 26 26 9
13764 27 27 9
11716 26 28 9
7620 27 27 9
13252 28 28 9
11204 28 28 9
7108 28 28 9
10180 26 28 9
6084 26 28 9
4036 26 26 9
15908 26 27 9
15652 26 28 9
15140 26 26 9
14116 26 26 9
12068 26 28 9
7972 27 27 9
15524 26 28 9
15012 26 27 9
13988 26 26 9
11940 26 27 9
7844 27 27 9
14756 26 28 9
13732 28 28 9
11684 26 28 9
7588 26 28 9
13220 26 26 9
11172 26 27 9
7076 26 26 9
10148 26 27 9
6052 26 28 9
4004 26 26 9
15460 26 28 9
14948 26 26 9
13924 26 26 9
11876 26 28 9
7780 26 28 9
14692 26 26 9
13668 27 28 9
11620 28 28 9
7524 28 28 9
13156 26 28 9
11108 26 27 9
7012 26 26 9
10084 26 28 9
5988 26 28 9
3940 26 26 9
14564 28 28 9
13540 26 28 9
11492 26 28 9
7396 26 28 9
13028 26 28 9
10980 26 28 9
6884 26 26 9
9956 26 28 9
5860 26 28 9
3812 27 27 9
12772 28 28 9
10724 26 28 9
6628 26 26 9
9700 26 28 9
5604 26 28 9
3556 27 27 9
9188 26 28 9
5092 27 28 9
3044 27 27 9
2020 26 26 9
15892 27 27 9
15636 27 27 9
15124 26 28 9
14100 26 26 9
12052 26 26 9
7956 26 26 9
15508 27 28 9
14996 26 26 9
13972 26 26 9
11924 26 28 9
7828 26 28 9
14740 27 27 9
13716 26 26 9
11668 27 28 9
7572 27 28 9
13204 26 26 9
11156 26 28 9
7060 26 28 9
10132 26 28 9
6036 27 28 9
3988 26 26 9
15444 26 28 9
14932 26 26 9
13908 27 27 9
11860 27 28 9
7764 26 28 9
14676 27 27 9
13652 26 28 9
11604 26 27 9
7508 26 28 9
13140 27 27 9
11092 26 26 9
6996 27 27 9
10068 26 28 9
5972 26 28 9
3924 26 26 9
14548 26 26 9
13524 26 26 9
11476 26 27 9
7380 26 26 9
13012 26 28 9
10964 26 26 9
6868 26 26 9
9940 27 28 9
5844 28 28 9
3796 26 26 9
12756 26 28 9
10708 26 26 9
6612 26 26 9
9684 26 27 9
5588 27 27 9
3540 27 27 9
9172 26 28 9
5076 26 28 9
3028 26 26 9
2004 26 26 9
15412 26 27 9
14900 26 27 9
13876 27 27 9
11828 27 28 9
7732 27 27 9
14644 26 26 9
13620 26 26 9
11572 27 27 9
7476 26 26 9
13108 26 26 9
11060 26 26 9
6964 26 26 9
10036 26 28 9
5940 26 28 9
3892 26 26 9
14516 26 26 9
13492 26 26 9
11444 26 27 9
7348 26 26 9
12980 26 26 9
10932 26 26 9
6836 26 26 9
9908 26 28 9
5812 26 28 9
3764 26 26 9
12724 27 27 9
10676 27 27 9
6580 27 27 9
9652 26 27 9
5556 27 27 9
3508 26 26 9
9140 26 28 9
5044 27 28 9
2996 27 27 9
1972 27 27 9
14452 26 26 9
13428 26 26 9
11380 26 27 9
7284 26 26 9
12916 26 26 9
10868 26 27 9
6772 26 28 9
9844 26 28 9
5748 26 28 9
3700 26 26 9
12660 27 27 9
10612 27 27 9
6516 27 27 9
9588 27 27 9
5492 27 27 9
3444 27 27 9
9076 27 27 9
4980 27 28 9
2932 27 27 9
1908 27 27 9
12532 26 26 9
10484 26 26 9
6388 26 26 9
9460 26 28 9
5364 26 28 9
3316 26 26 9
8948 26 27 9
4852 26 28 9
2804 26 26 9
1780 26 26 9
8692 26 28 9
4596 27 28 9
2548 26 26 9
1524 26 26 9
1012 28 28 9
15884 26 28 9
15628 26 28 9
15116 26 26 9
14092 26 28 9
12044 27 27 9
7948 26 26 9
15500 26 27 9
14988 27 27 9
13964 26 28 9
11916 26 28 9
7820 26 28 9
14732 26 27 9
13708 26 26 9
11660 26 28 9
7564 27 27 9
13196 26 28 9
11148 26 27 9
7052 26 26 9
10124 26 27 9
6028 27 27 9
3980 26 26 9
15436 26 27 9
14924 26 26 9
13900 26 28 9
11852 26 28 9
7756 26 28 9
14668 26 28 9
13644 26 28 9
11596 26 28 9
7500 26 28 9
13132 27 27 9
11084 27 27 9
6988 27 27 9
10060 26 28 9
5964 27 28 9
3916 27 27 9
14540 26 28 9
13516 26 26 9
11468 27 27 9
7372 26 26 9
13004 26 28 9
10956 26 28 9
6860 27 27 9
9932 26 28 9
5836 28 28 9
3788 26 26 9
12748 26 26 9
10700 27 27 9
6604 27 27 9
9676 26 27 9
5580 27 27 9
3532 26 26 9
9164 26 28 9
5068 27 28 9
3020 26 26 9
1996 27 27 9
15404 26 27 9
14892 26 26 9
13868 26 28 9
11820 26 27 9
7724 26 26 9
14636 26 26 9
13612 26 28 9
11564 26 27 9
7468 27 28 9
13100 27 27 9
11052 27 27 9
6956 26 26 9
10028 26 27 9
5932 26 28 9
3884 26 26 9
14508 26 26 9
13484 26 28 9
11436 26 28 9
7340 26 28 9
12972 26 26 9
10924 26 26 9
6828 26 26 9
9900 26 28 9
5804 27 28 9
3756 26 26 9
12716 26 26 9
10668 27 27 9
6572 26 26 9
9644 26 27 9
5548 27 27 9
3500 26 26 9
9132 27 28 9
5036 27 27 9
2988 27 27 9
1964 28 28 9
14444 27 27 9
13420 27 28 9
11372 27 27 9
7276 27 27 9
12908 27 28 9
10860 27 27 9
6764 27 28 9
9836 27 28 9
5740 27 28 9
3692 27 27 9
12652 27 27 9
10604 27 27 9
6508 27 27 9
9580 27 27 9
5484 27 27 9
3436 27 27 9
9068 27 27 9
4972 27 28 9
2924 27 27 9
1900 27 27 9
12524 27 28 9
10476 27 28 9
6380 27 27 9
9452 27 28 9
5356 27 27 9
3308 27 27 9
8940 27 27 9
4844 27 27 9
2796 27 27 9
1772 27 27 9
8684 26 28 9
4588 27 28 9
2540 26 26 9
1516 27 27 9
1004 26 26 9
15388 26 28 9
14876 26 26 9
13852 26 28 9
11804 26 26 9
7708 26 26 9
14620 26 26 9
13596 26 28 9
11548 26 28 9
7452 27 28 9
13084 26 28 9
11036 26 26 9
6940 26 26 9
10012 26 28 9
5916 26 28 9
3868 27 27 9
14492 26 26 9
13468 26 28 9
11420 26 27 9
7324 27 27 9
12956 26 28 9
10908 26 27 9
6812 27 28 9
9884 26 28 9
5788 26 28 9
3740 26 26 9
12700 26 28 9
10652 27 27 9
6556 26 26 9
9628 26 27 9
5532 26 26 9
3484 26 26 9
9116 26 28 9
5020 26 28 9
2972 26 26 9
1948 26 26 9
14428 26 27 9
13404 26 28 9
11356 26 27 9
7260 27 28 9
12892 26 26 9
10844 26 27 9
6748 27 27 9
9820 26 28 9
5724 26 28 9
3676 27 27 9
12636 26 28 9
10588 26 27 9
6492 26 26 9
9564 26 28 9
5468 27 28 9
3420 27 27 9
9052 26 28 9
4956 26 28 9
2908 26 26 9
1884 26 26 9
12508 26 28 9
10460 27 27 9
6364 26 26 9
9436 27 27 9
5340 27 27 9
3292 27 27 9
8924 26 28 9
4828 26 28 9
2780 26 26 9
1756 26 26 9
8668 26 28 9
4572 26 28 9
2524 26 26 9
1500 27 27 9
988 26 26 9
14396 26 26 9
13372 26 28 9
11324 26 28 9
7228 27 28 9
12860 26 28 9
10812 26 27 9
6716 26 28 9
9788 26 28 9
5692 26 28 9
3644 27 27 9
12604 27 27 9
10556 26 26 9
6460 26 26 9
9532 27 28 9
5436 26 28 9
3388 26 26 9
9020 26 28 9
4924 27 27 9
2876 27 27 9
1852 26 26 9
12476 27 28 9
10428 27 27 9
6332 27 27 9
9404 27 27 9
5308 26 26 9
3260 27 27 9
8892 26 28 9
4796 26 26 9
2748 27 27 9
1724 27 27 9
8636 26 28 9
4540 26 28 9
2492 27 27 9
1468 26 26 9
956 27 27 9
12412 26 28 9
10364 26 26 9
6268 26 26 9
9340 26 27 9
5244 26 26 9
3196 26 26 9
8828 26 27 9
4732 27 28 9
2684 27 27 9
1660 26 26 9
8572 26 28 9
4476 26 28 9
2428 27 27 9
1404 27 27 9
892 26 26 9
8444 26 28 9
4348 26 28 9
2300 26 26 9
1276 28 28 9
764 26 26 9
508 26 26 9
16130 26 28 9
16002 26 28 9
15746 26 28 9
15234 26 26 9
14210 26 28 9
12162 26 27 9
8066 27 27 9
15938 26 28 9
15682 27 27 9
15170 26 26 9
14146 26 28 9
12098 26 26 9
8002 26 26 9
15554 26 28 9
15042 26 26 9
14018 26 28 9
11970 26 28 9
7874 26 28 9
14786 27 27 9
13762 26 28 9
11714 26 28 9
7618 27 27 9
13250 26 28 9
11202 26 28 9
7106 26 26 9
10178 26 28 9
6082 26 28 9
4034 27 27 9
15906 26 28 9
15650 26 27 9
15138 26 26 9
14114 27 28 9
12066 26 28 9
7970 26 28 9
15522 26 27 9
15010 26 28 9
13986 27 27 9
11938 26 27 9
7842 26 28 9
14754 26 26 9
13730 26 26 9
11682 26 27 9
7586 27 27 9
13218 26 28 9
11170 26 26 9
7074 26 26 9
10146 27 28 9
6050 28 28 9
4002 27 27 9
15458 26 27 9
14946 26 26 9
13922 26 26 9
11874 26 27 9
7778 26 28 9
14690 27 27 9
13666 26 28 9
11618 26 28 9
7522 27 27 9
13154 26 28 9
11106 27 27 9
7010 26 26 9
10082 26 27 9
5986 27 28 9
3938 26 26 9
14562 26 26 9
13538 27 27 9
11490 26 27 9
7394 26 26 9
13026 26 28 9
10978 26 26 9
6882 27 27 9
9954 27 27 9
5858 27 28 9
3810 26 26 9
12770 27 28 9
10722 27 27 9
6626 26 26 9
9698 28 28 9
5602 28 28 9
3554 27 27 9
9186 26 27 9
5090 26 28 9
3042 27 27 9
2018 27 27 9
15890 26 28 9
15634 26 28 9
15122 26 27 9
14098 26 28 9
12050 26 28 9
7954 26 28 9
15506 26 28 9
14994 27 27 9
13970 26 28 9
11922 26 28 9
7826 26 26 9
14738 26 28 9
13714 26 28 9
11666 26 28 9
7570 26 26 9
13202 27 27 9
11154 26 28 9
7058 26 26 9
10130 26 28 9
6034 26 26 9
3986 27 27 9
15442 26 27 9
14930 26 26 9
13906 26 26 9
11858 26 26 9
7762 26 26 9
14674 26 27 9
13650 26 26 9
11602 26 28 9
7506 26 28 9
13138 27 27 9
11090 27 27 9
6994 26 26 9
10066 26 28 9
5970 26 28 9
3922 26 26 9
14546 28 28 9
13522 26 28 9
11474 26 27 9
7378 26 28 9
13010 27 28 9
10962 26 27 9
6866 26 28 9
9938 26 27 9
5842 26 28 9
3794 26 26 9
12754 27 28 9
10706 26 26 9
6610 26 26 9
9682 26 28 9
5586 26 28 9
3538 26 26 9
9170 26 28 9
5074 26 28 9
3026 26 26 9
2002 26 26 9
15410 26 27 9
14898 26 26 9
13874 26 28 9
11826 26 28 9
7730 26 28 9
14642 26 26 9
13618 26 28 9
11570 26 27 9
7474 26 28 9
13106 27 27 9
11058 27 28 9
6962 27 28 9
10034 26 28 9
5938 26 28 9
3890 26 26 9
14514 27 27 9
13490 26 26 9
11442 26 27 9
7346 26 26 9
12978 26 28 9
10930 26 27 9
6834 27 27 9
9906 27 28 9
5810 27 28 9
3762 28 28 9
12722 26 28 9
10674 26 26 9
6578 26 26 9
9650 26 28 9
5554 26 28 9
3506 26 26 9
9138 26 28 9
5042 27 27 9
2994 27 27 9
1970 27 27 9
14450 26 27 9
13426 27 28 9
11378 26 27 9
7282 27 28 9
12914 26 28 9
10866 26 26 9
6770 27 27 9
9842 26 28 9
5746 26 28 9
3698 28 28 9
12658 26 26 9
10610 26 28 9
6514 26 26 9
9586 26 28 9
5490 26 28 9
3442 26 26 9
9074 26 28 9
4978 26 28 9
2930 26 26 9
1906 26 26 9
12530 27 28 9
10482 26 26 9
6386 27 27 9
9458 26 27 9
5362 26 26 9
3314 27 27 9
8946 26 28 9
4850 26 28 9
2802 27 27 9
1778 27 27 9
8690 26 27 9
4594 26 28 9
2546 26 26 9
1522 26 26 9
1010 26 26 9
15882 26 28 9
15626 26 27 9
15114 27 27 9
14090 27 28 9
12042 27 27 9
7946 26 26 9
15498 26 27 9
14986 26 26 9
13962 27 28 9
11914 26 27 9
7818 28 28 9
14730 26 26 9
13706 27 27 9
11658 27 27 9
7562 26 26 9
13194 26 28 9
11146 26 27 9
7050 26 26 9
10122 26 28 9
6026 26 26 9
3978 26 26 9
15434 26 28 9
14922 26 28 9
13898 26 28 9
11850 26 28 9
7754 27 27 9
14666 26 27 9
13642 26 28 9
11594 26 28 9
7498 26 26 9
13130 26 26 9
11082 26 26 9
6986 26 26 9
10058 26 27 9
5962 26 26 9
3914 27 27 9
14538 26 26 9
13514 26 26 9
11466 26 26 9
7370 26 26 9
13002 26 28 9
10954 26 28 9
6858 26 28 9
9930 26 27 9
5834 26 28 9
3786 27 27 9
12746 26 26 9
10698 26 27 9
6602 26 26 9
9674 26 28 9
5578 26 26 9
3530 26 26 9
9162 26 27 9
5066 26 28 9
3018 26 26 9
1994 26 26 9
15402 27 27 9
14890 27 27 9
13866 26 28 9
11818 26 28 9
7722 27 27 9
14634 27 27 9
13610 27 27 9
11562 26 27 9
7466 27 27 9
13098 26 28 9
11050 26 26 9
6954 26 26 9
10026 26 27 9
5930 26 28 9
3882 26 26 9
14506 26 28 9
13482 27 28 9
11434 26 27 9
7338 26 26 9
12970 26 28 9
10922 26 27 9
6826 26 26 9
9898 27 28 9
5802 26 28 9
3754 26 26 9
12714 26 28 9
10666 26 27 9
6570 26 26 9
9642 26 27 9
5546 26 26 9
3498 26 26 9
9130 26 28 9
5034 26 28 9
2986 26 26 9
1962 26 26 9
14442 26 26 9
13418 26 28 9
11370 26 27 9
7274 27 27 9
12906 26 28 9
10858 26 27 9
6762 26 26 9
9834 26 28 9
5738 26 28 9
3690 27 27 9
12650 26 28 9
10602 26 26 9
6506 26 26 9
9578 26 28 9
5482 26 26 9
3434 26 26 9
9066 26 27 9
4970 26 26 9
2922 27 27 9
1898 26 26 9
12522 26 26 9
10474 26 28 9
6378 26 26 9
9450 26 28 9
5354 26 26 9
3306 26 26 9
8938 26 28 9
4842 26 28 9
2794 27 27 9
1770 27 27 9
8682 26 28 9
4586 26 28 9
2538 26 26 9
1514 26 26 9
1002 26 26 9
15386 26 26 9
14874 27 27 9
13850 27 27 9
11802 26 28 9
7706 26 28 9
14618 26 27 9
13594 28 28 9
11546 26 28 9
7450 26 28 9
13082 27 28 9
11034 26 27 9
6938 27 27 9
10010 26 27 9
5914 27 27 9
3866 27 27 9
14490 28 28 9
13466 26 28 9
11418 26 28 9
7322 26 26 9
12954 27 28 9
10906 26 27 9
6810 26 26 9
9882 26 28 9
5786 27 28 9
3738 27 27 9
12698 26 26 9
10650 26 27 9
6554 26 26 9
9626 26 27 9
5530 26 26 9
3482 26 26 9
9114 26 28 9
5018 27 28 9
2970 26 26 9
1946 26 26 9
14426 26 27 9
13402 26 28 9
11354 26 27 9
7258 26 26 9
12890 27 28 9
10842 26 27 9
6746 27 27 9
9818 26 28 9
5722 26 28 9
3674 26 26 9
12634 26 28 9
10586 26 27 9
6490 26 26 9
9562 26 27 9
5466 26 26 9
3418 26 26 9
9050 26 28 9
4954 27 28 9
2906 26 26 9
1882 26 26 9
12506 27 28 9
10458 27 27 9
6362 27 27 9
9434 27 28 9
5338 27 27 9
3290 27 27 9
8922 26 28 9
4826 26 28 9
2778 26 26 9
1754 27 27 9
8666 26 27 9
4570 26 26 9
2522 26 26 9
1498 27 27 9
986 26 26 9
14394 26 26 9
13370 26 28 9
11322 26 27 9
7226 26 26 9
12858 27 27 9
10810 26 27 9
6714 26 26 9
9786 26 28 9
5690 26 28 9
3642 26 26 9
12602 26 28 9
10554 26 28 9
6458 26 26 9
9530 26 28 9
5434 26 28 9
3386 27 27 9
9018 26 28 9
4922 26 28 9
2874 26 26 9
1850 26 26 9
12474 26 26 9
10426 26 28 9
6330 27 27 9
9402 28 28 9
5306 28 28 9
3258 28 28 9
8890 28 28 9
4794 27 28 9
2746 27 27 9
1722 27 27 9
8634 26 28 9
4538 26 28 9
2490 27 27 9
1466 26 26 9
954 26 26 9
12410 26 26 9
10362 27 28 9
6266 27 27 9
9338 28 28 9
5242 28 28 9
3194 27 27 9
8826 26 28 9
4730 27 28 9
2682 26 26 9
1658 27 27 9
8570 26 28 9
4474 27 28 9
2426 26 26 9
1402 26 26 9
890 26 26 9
8442 26 28 9
4346 27 27 9
2298 26 26 9
1274 26 26 9
762 26 26 9
506 27 27 9
15878 26 28 9
15622 27 27 9
15110 26 26 9
14086 26 26 9
12038 27 27 9
7942 26 26 9
15494 26 27 9
14982 26 26 9
13958 26 28 9
11910 26 28 9
7814 26 26 9
14726 26 26 9
13702 27 28 9
11654 26 27 9
7558 26 26 9
13190 26 28 9
11142 26 27 9
7046 26 26 9
10118 26 27 9
6022 26 26 9
3974 27 27 9
15430 26 27 9
14918 27 27 9
13894 26 28 9
11846 26 28 9
7750 26 28 9
14662 26 26 9
13638 26 28 9
11590 26 27 9
7494 27 27 9
13126 26 28 9
11078 26 28 9
6982 27 27 9
10054 26 28 9
5958 27 27 9
3910 26 26 9
14534 26 26 9
13510 26 26 9
11462 26 28 9
7366 26 28 9
12998 27 27 9
10950 26 27 9
6854 26 26 9
9926 26 28 9
5830 27 27 9
3782 27 27 9
12742 26 26 9
10694 26 27 9
6598 26 26 9
9670 26 28 9
5574 27 28 9
3526 26 26 9
9158 26 28 9
5062 26 28 9
3014 26 26 9
1990 28 28 9
15398 27 27 9
14886 26 28 9
13862 28 28 9
11814 26 28 9
7718 28 28 9
14630 26 28 9
13606 26 28 9
11558 26 28 9
7462 27 27 9
13094 27 28 9
11046 26 27 9
6950 26 26 9
10022 27 28 9
5926 26 28 9
3878 26 26 9
14502 27 28 9
13478 27 28 9
11430 27 28 9
7334 27 27 9
12966 26 28 9
10918 26 27 9
6822 27 27 9
9894 26 27 9
5798 26 26 9
3750 27 27 9
12710 27 28 9
10662 27 28 9
6566 27 27 9
9638 27 28 9
5542 27 27 9
3494 27 27 9
9126 27 27 9
5030 27 27 9
2982 27 27 9
1958 27 27 9
14438 27 27 9
13414 26 26 9
11366 26 27 9
7270 26 26 9
12902 26 28 9
10854 27 28 9
6758 26 26 9
9830 26 28 9
5734 26 28 9
3686 27 27 9
12646 26 28 9
10598 26 27 9
6502 26 26 9
9574 26 27 9
5478 27 27 9
3430 26 26 9
9062 26 27 9
4966 26 26 9
2918 26 26 9
1894 27 27 9
12518 26 26 9
10470 26 28 9
6374 26 26 9
9446 27 28 9
5350 26 28 9
3302 26 26 9
8934 26 28 9
4838 26 28 9
2790 26 26 9
1766 26 26 9
8678 27 27 9
4582 26 26 9
2534 27 27 9
1510 26 26 9
998 26 26 9
15382 26 27 9
14870 26 26 9
13846 26 28 9
11798 26 28 9
7702 26 28 9
14614 26 28 9
13590 26 28 9
11542 26 27 9
7446 26 26 8
13078 26 26 9
11030 28 28 8
6934 26 26 8
10006 26 28 8
5910 26 28 9
3862 26 26 9
14486 26 26 9
13462 26 26 8
11414 26 27 9
7318 26 26 9
12950 27 27 9
10902 27 27 8
6806 27 27 9
9878 26 28 8
5782 26 28 8
3734 26 26 8
12694 26 28 8
10646 26 27 9
6550 27 27 8
9622 26 27 9
5526 27 27 8
3478 27 27 9
9110 26 28 8
5014 26 28 8
2966 26 26 9
1942 26 26 8
14422 26 28 8
13398 26 26 8
11350 26 27 9
7254 26 26 9
12886 26 28 8
10838 27 28 8
6742 27 27 9
9814 28 28 8
5718 26 28 8
3670 26 26 8
12630 26 28 8
10582 26 27 8
6486 26 26 8
9558 26 28 9
5462 26 26 9
3414 27 27 9
9046 26 28 9
4950 26 28 8
2902 26 26 8
1878 27 27 8
12502 26 28 8
10454 26 27 8
6358 26 26 8
9430 26 28 8
5334 26 26 8
3286 26 26 8
8918 26 28 8
4822 26 28 8
2774 26 26 8
1750 26 26 8
8662 26 27 8
4566 27 27 8
2518 26 26 8
1494 27 27 8
9686 1 28 9
982 28 28 8
14390 26 28 8
13366 27 27 8
11318 26 28 8
7222 27 28 8
15414 1 28 9
12854 26 28 8
10806 26 27 8
6710 26 26 8
9782 26 28 8
5686 26 28 8
13878 26 28 9
3638 27 27 8
11830 1 28 9
7734 26 26 9
12598 27 27 8
10550 26 28 8
6454 26 26 8
14646 26 26 9
9526 26 28 8
5430 26 28 8
3382 26 26 8
11574 26 28 9
7478 26 26 9
9014 26 28 8
4918 26 26 8
13110 26 26 9
2870 26 26 8
11062 26 28 9
1846 26 26 8
10038 1 28 9
5942 26 28 9
12470 26 28 8
10422 26 28 8
6326 27 27 8
14518 27 28 9
9398 28 28 8
5302 27 27 8
3254 27 27 8
11446 1 28 9
7350 26 26 9
8886 26 27 8
4790 27 27 8
12982 1 28 9
2742 26 26 8
10934 1 28 9
1718 27 27 8
9910 1 28 9
5814 26 26 9
3766 26 26 9
8630 27 28 8
4534 27 28 8
12726 26 28 9
2486 27 27 8
10678 27 27 9
1462 26 26 8
9654 1 28 9
5558 26 26 9
3510 26 26 9
950 26 26 8
9142 1 28 9
5046 26 28 9
2998 26 26 9
1974 26 26 9
12406 27 27 8
10358 27 28 8
6262 27 27 8
14454 27 27 9
9334 27 27 8
5238 27 27 8
13430 27 28 9
3190 27 27 8
11382 1 28 9
7286 26 26 9
8822 27 27 8
4726 27 27 8
12918 27 28 9
2678 27 27 8
10870 1 28 9
6774 27 27 9
1654 27 27 8
9846 1 28 9
5750 27 28 9
3702 27 27 9
8566 27 28 8
4470 27 28 8
12662 26 28 9
2422 27 27 8
10614 1 28 9
6518 27 27 9
1398 27 27 8
9590 1 28 9
5494 27 27 9
3446 27 27 9
886 27 27 8
9078 1 28 9
4982 27 28 9
2934 27 27 9
1910 27 27 9
8438 26 28 8
4342 26 26 8
12534 26 28 9
2294 27 27 8
10486 26 27 9
6390 27 27 9
1270 26 26 8
9462 1 27 9
5366 27 27 9
3318 27 27 9
758 26 26 8
8950 1 28 9
4854 26 28 9
2806 26 26 9
1782 26 26 9
502 26 26 8
8694 1 27 9
4598 26 28 9
2550 26 26 9
1526 26 26 9
1014 26 26 9
15374 26 28 8
14862 26 26 8
13838 26 28 8
11790 26 28 8
7694 26 26 8
15886 26 28 9
14606 26 28 8
13582 27 27 8
11534 27 28 8
7438 27 27 8
15630 27 27 9
13070 26 27 8
11022 26 27 8
6926 26 26 8
15118 26 26 9
9998 26 28 8
5902 26 26 8
14094 26 28 9
3854 26 26 8
12046 26 27 9
7950 26 28 9
14478 26 26 8
13454 27 28 8
11406 26 28 8
7310 27 27 8
15502 26 27 9
12942 26 28 8
10894 27 28 8
6798 26 26 8
14990 26 26 9
9870 26 28 8
5774 26 28 8
13966 26 28 9
3726 27 27 8
11918 27 27 9
7822 27 27 9
12686 26 28 8
10638 26 28 8
6542 26 26 8
14734 26 26 9
9614 26 28 8
5518 26 26 8
13710 27 27 9
3470 27 27 8
11662 1 28 9
7566 27 27 9
9102 26 28 8
5006 26 28 8
13198 26 28 9
2958 26 26 8
11150 26 26 9
7054 26 26 9
1934 27 27 8
10126 28 28 9
6030 26 26 9
3982 27 27 9
14414 27 27 8
13390 26 28 8
11342 26 27 8
7246 26 26 8
15438 1 28 9
12878 26 28 8
10830 26 28 8
6734 27 27 8
14926 26 28 9
9806 26 28 8
5710 26 28 8
13902 1 28 9
3662 26 26 8
11854 26 28 9
7758 26 26 9
12622 26 28 8
10574 26 27 8
6478 26 26 8
14670 26 26 9
9550 26 28 8
5454 26 28 8
13646 1 28 9
3406 26 26 8
11598 27 27 9
7502 26 26 9
9038 27 28 8
4942 28 28 8
13134 27 28 9
2894 26 26 8
11086 26 28 9
6990 26 26 9
1870 26 26 8
10062 1 27 9
5966 26 28 9
3918 26 26 9
12494 26 28 8
10446 26 27 8
6350 26 26 8
14542 26 26 9
9422 26 28 8
5326 27 28 8
13518 1 28 9
3278 26 26 8
11470 1 27 9
7374 26 26 9
8910 26 28 8
4814 26 28 8
13006 1 28 9
2766 26 26 8
10958 1 27 9
6862 26 28 9
1742 26 26 8
9934 1 28 9
5838 26 28 9
3790 26 26 9
8654 26 28 8
4558 26 28 8
12750 26 28 9
2510 26 26 8
10702 26 26 9
6606 26 26 9
1486 26 26 8
9678 1 27 9
5582 26 28 9
3534 26 26 9
974 26 26 8
9166 1 27 9
5070 26 28 9
3022 26 26 9
1998 26 26 9
14382 26 27 8
13358 27 27 8
11310 26 28 8
7214 27 28 8
15406 1 28 9
12846 26 27 8
10798 26 28 8
6702 27 27 8
14894 26 27 9
9774 26 28 8
5678 26 28 8
13870 26 28 9
3630 27 27 8
11822 26 27 9
7726 26 26 9
12590 27 28 8
10542 27 27 8
6446 27 27 8
14638 26 27 9
9518 26 28 8
5422 26 28 8
13614 1 28 9
3374 28 28 8
11566 26 28 9
7470 26 26 9
9006 26 28 8
4910 26 28 8
13102 26 28 9
2862 26 26 8
11054 26 27 9
6958 26 26 9
1838 26 26 8
10030 1 28 9
5934 26 28 9
3886 26 26 9
12462 26 28 8
10414 26 27 8
6318 26 26 8
14510 26 26 9
9390 26 28 8
5294 27 28 8
13486 1 28 9
3246 26 26 8
11438 1 27 9
7342 27 27 9
8878 26 28 8
4782 26 28 8
12974 26 28 9
2734 27 27 8
10926 26 28 9
6830 26 26 9
1710 26 26 8
9902 1 28 9
5806 26 28 9
3758 26 26 9
8622 26 28 8
4526 27 28 8
12718 26 28 9
2478 26 26 8
10670 26 28 9
6574 26 26 9
1454 26 26 8
9646 1 28 9
5550 26 28 9
3502 26 26 9
942 26 26 8
9134 1 27 9
5038 26 28 9
2990 26 26 9
1966 27 27 9
12398 26 28 8
10350 26 27 8
6254 26 26 8
14446 26 26 9
9326 26 27 8
5230 26 26 8
13422 1 28 9
3182 26 26 8
11374 1 27 9
7278 26 28 9
8814 26 28 8
4718 27 28 8
12910 26 28 9
2670 28 28 8
10862 1 28 9
6766 26 28 9
1646 26 26 8
9838 1 28 9
5742 26 26 9
3694 26 26 9
8558 26 27 8
4462 26 26 8
12654 26 28 9
2414 26 26 8
10606 26 27 9
6510 26 26 9
1390 26 26 8
9582 1 27 9
5486 26 28 9
3438 26 26 9
878 27 27 8
9070 1 28 9
4974 26 28 9
2926 26 26 9
1902 26 26 9
8430 26 28 7
4334 27 28 8
12526 26 28 9
2286 26 26 8
10478 26 27 9
6382 26 26 9
1262 26 26 8
9454 1 27 9
5358 26 26 9
3310 26 26 9
750 26 26 8
8942 1 28 9
4846 26 28 9
2798 27 27 9
1774 27 27 9
494 26 26 8
8686 1 27 9
4590 27 27 9
2542 26 26 9
1518 26 26 9
1006 26 26 9
14366 26 28 7
13342 26 26 8
11294 26 28 8
7198 26 26 8
15390 1 28 9
12830 27 27 8
10782 26 28 7
6686 27 27 7
14878 27 27 9
9758 26 28 7
5662 27 28 8
13854 27 28 9
3614 26 26 7
11806 27 28 9
7710 27 28 9
12574 28 28 8
10526 27 27 7
6430 28 28 8
14622 28 28 9
9502 27 28 7
5406 27 28 7
13598 27 28 9
3358 27 27 8
11550 26 26 9
7454 27 27 9
8990 26 28 7
4894 27 28 7
13086 26 28 9
2846 26 26 7
11038 27 27 9
6942 26 26 9
1822 27 27 7
10014 1 28 9
5918 26 28 9
3870 26 26 9
12446 27 27 8
10398 26 27 7
6302 27 27 7
14494 26 28 9
9374 27 27 7
5278 26 26 7
13470 1 28 9
3230 27 27 7
11422 1 27 9
7326 27 27 9
8862 26 27 7
4766 27 27 7
12958 26 28 9
2718 26 26 7
10910 26 28 9
6814 26 28 9
1694 26 26 7
9886 1 28 9
5790 27 28 9
3742 26 26 9
8606 26 27 7
4510 26 26 7
12702 26 26 9
2462 27 27 7
10654 26 28 9
6558 27 27 9
1438 26 26 7
9630 1 28 9
5534 26 26 9
3486 26 26 9
926 27 27 7
9118 1 27 9
5022 26 28 9
2974 26 26 9
1950 26 26 9
12382 26 28 7
10334 26 28 7
6238 27 27 7
14430 26 26 9
9310 26 28 7
5214 27 28 7
13406 26 28 9
3166 27 27 7
11358 1 28 9
7262 27 28 9
8798 26 28 7
4702 26 28 7
12894 26 28 9
2654 26 26 7
10846 1 27 9
6750 26 28 9
1630 27 27 7
9822 1 28 9
5726 26 28 9
3678 26 26 9
8542 26 27 7
4446 26 26 7
12638 26 28 9
2398 26 26 7
10590 26 27 9
6494 26 26 9
1374 26 26 7
9566 1 28 9
5470 27 28 9
3422 26 26 9
862 27 27 7
9054 1 28 9
4958 28 28 9
2910 27 27 9
1886 27 27 9
8414 26 28 7
4318 27 28 7
12510 27 28 9
2270 26 26 7
10462 26 26 9
6366 26 26 9
1246 27 27 7
9438 1 28 9
5342 26 26 9
3294 26 26 9
734 27 27 7
8926 1 27 9
4830 26 28 9
2782 26 26 9
1758 26 26 9
478 26 26 7
8670 1 28 9
4574 28 28 9
2526 27 27 9
1502 26 26 9
990 27 27 9
12350 26 28 7
10302 26 27 7
6206 26 26 7
14398 26 26 9
9278 26 27 7
5182 27 27 7
13374 26 27 9
3134 26 26 7
11326 1 27 9
7230 26 26 9
8766 26 28 7
4670 26 28 7
12862 1 28 9
2622 26 26 7
10814 1 27 9
6718 26 26 9
1598 26 26 7
9790 1 28 9
5694 26 28 9
3646 26 26 9
8510 26 28 7
4414 26 28 7
12606 1 28 9
2366 26 26 7
10558 26 26 9
6462 26 26 9
1342 26 26 7
9534 1 28 9
5438 26 28 9
3390 26 26 9
830 27 27 7
9022 1 28 9
4926 26 28 9
2878 27 27 9
1854 26 26 9
8382 26 27 7
4286 27 27 7
12478 27 28 9
2238 26 26 7
10430 27 27 9
6334 26 26 9
1214 27 27 7
9406 1 28 9
5310 27 27 9
3262 26 26 9
702 26 26 7
8894 1 28 9
4798 26 28 9
2750 26 26 9
1726 26 26 9
446 26 26 7
8638 1 27 9
4542 26 28 9
2494 27 27 9
1470 27 27 9
958 27 27 9
8318 26 28 7
4222 26 26 7
12414 26 28 9
2174 28 28 7
10366 28 28 9
6270 28 28 9
1150 27 27 7
9342 26 27 9
5246 27 27 9
3198 26 26 9
638 26 26 7
8830 26 28 9
4734 26 28 9
2686 26 26 9
1662 26 26 9
382 26 26 7
8574 1 27 9
4478 26 28 9
2430 28 28 9
1406 26 26 9
894 27 27 9
254 26 26 7
8446 1 27 9
4350 26 28 9
2302 26 26 9
1278 26 26 9
766 26 26 9
510 27 27 9
16129 26 28 7
16001 27 28 7
15745 26 28 7
15233 27 27 7
14209 26 28 7
12161 26 27 7
8065 26 26 7
16257 26 28 9
15937 26 28 7
15681 26 27 7
15169 27 27 7
14145 26 28 7
12097 26 27 7
8001 26 26 7
16193 26 26 9
15553 27 27 7
15041 26 26 7
14017 26 28 7
11969 26 27 7
7873 26 26 7
16065 26 28 9
14785 26 26 7
13761 26 28 7
11713 26 27 7
7617 26 26 7
15809 1 28 9
13249 26 28 7
11201 26 27 7
7105 27 27 7
15297 26 26 9
10177 26 28 7
6081 26 28 7
14273 1 28 9
4033 26 26 7
12225 1 28 9
8129 26 28 9
15905 26 28 7
15649 27 27 7
15137 27 27 7
14113 26 26 7
12065 26 27 7
7969 26 26 7
16161 26 26 9
15521 27 27 7
15009 26 27 7
13985 26 28 7
11937 26 28 7
7841 27 28 7
16033 1 28 9
14753 26 26 7
13729 26 27 7
11681 26 27 7
7585 26 26 7
15777 1 27 9
13217 26 27 7
11169 27 28 7
7073 26 26 7
15265 26 28 9
10145 26 28 7
6049 26 26 7
14241 1 28 9
4001 26 26 7
12193 1 27 9
8097 26 28 9
15457 26 27 7
14945 26 26 7
13921 26 26 7
11873 26 27 7
7777 26 26 7
15969 26 28 9
14689 26 27 7
13665 26 28 7
11617 26 28 7
7521 26 26 7
15713 1 27 9
13153 26 28 7
11105 26 27 7
7009 27 27 7
15201 27 27 9
10081 26 27 7
5985 27 27 7
14177 26 28 9
3937 26 26 7
12129 26 26 9
8033 26 26 9
14561 27 27 7
13537 26 28 7
11489 27 27 7
7393 27 27 7
15585 1 28 9
13025 26 26 7
10977 27 27 7
6881 27 27 7
15073 27 27 9
9953 27 28 7
5857 27 27 7
14049 27 28 9
3809 27 27 7
12001 1 28 9
7905 27 27 9
12769 26 28 7
10721 26 27 7
6625 26 26 7
14817 26 26 9
9697 26 27 7
5601 26 26 7
13793 26 28 9
3553 27 27 7
11745 1 27 9
7649 26 26 9
9185 26 28 7
5089 26 28 7
13281 26 28 9
3041 26 26 7
11233 27 27 9
7137 26 26 9
2017 26 26 7
10209 1 28 9
6113 27 27 9
4065 27 27 9
15889 26 28 7
15633 26 27 7
15121 26 26 7
14097 26 28 7
12049 26 28 7
7953 26 26 7
16145 26 26 9
15505 26 28 7
14993 26 28 7
13969 26 26 7
11921 26 28 7
7825 27 28 7
16017 27 28 9
14737 26 26 7
13713 28 28 7
11665 26 28 7
7569 27 27 7
15761 1 28 9
13201 26 26 7
11153 26 28 7
7057 26 26 7
15249 26 26 9
10129 26 28 7
6033 26 26 7
14225 26 27 9
3985 26 26 7
12177 26 27 9
8081 27 27 9
15441 26 27 7
14929 26 26 7
13905 26 28 7
11857 26 28 7
7761 26 28 7
15953 1 28 9
14673 26 26 7
13649 27 27 7
11601 26 27 7
7505 26 26 7
15697 28 28 9
13137 26 28 7
11089 26 28 7
6993 27 27 7
15185 26 28 9
10065 26 28 7
5969 27 28 7
14161 27 28 9
3921 26 26 7
12113 26 28 9
8017 26 28 9
14545 27 27 7
13521 26 28 7
11473 26 27 7
7377 26 26 7
15569 1 27 9
13009 26 28 7
10961 26 27 7
6865 26 26 7
15057 1 27 9
9937 26 28 7
5841 27 28 7
14033 26 28 9
3793 26 26 7
11985 1 28 9
7889 26 28 9
12753 27 27 7
10705 26 28 7
6609 26 26 7
14801 26 27 9
9681 26 28 7
5585 27 27 7
13777 27 27 9
3537 27 27 7
11729 1 28 9
7633 27 28 9
9169 26 28 7
5073 26 26 7
13265 26 28 9
3025 27 27 7
11217 26 27 9
7121 26 26 9
2001 27 27 7
10193 1 28 9
6097 27 27 9
4049 26 26 9
15409 26 27 7
14897 26 26 7
13873 26 28 7
11825 26 28 7
7729 26 28 7
15921 1 28 9
14641 26 26 7
13617 26 26 7
11569 26 27 7
7473 26 26 7
15665 1 28 9
13105 26 28 7
11057 26 27 7
6961 26 26 7
15153 26 27 9
10033 26 28 7
5937 27 28 7
14129 1 28 9
3889 26 26 7
12081 26 28 9
7985 27 28 9
14513 28 28 7
13489 26 28 7
11441 26 28 7
7345 27 27 7
15537 27 28 9
12977 26 26 7
10929 26 28 7
6833 26 26 7
15025 27 27 9
9905 26 27 7
5809 27 27 7
14001 26 28 9
3761 27 27 7
11953 26 28 9
7857 27 27 9
12721 27 27 7
10673 26 28 7
6577 27 27 7
14769 27 27 9
9649 27 28 7
5553 27 27 7
13745 27 28 9
3505 27 27 7
11697 1 28 9
7601 27 27 9
9137 26 28 7
5041 27 28 7
13233 27 28 9
2993 27 27 7
11185 26 28 9
7089 27 27 9
1969 26 26 7
10161 1 27 9
6065 26 26 9
4017 27 27 9
14449 26 28 7
13425 26 26 7
11377 26 27 7
7281 26 26 7
15473 1 28 9
12913 27 28 7
10865 26 27 7
6769 26 26 7
14961 26 28 9
9841 26 28 7
5745 26 28 7
13937 1 28 9
3697 26 26 7
11889 1 27 9
7793 26 28 9
12657 26 28 7
10609 26 27 7
6513 26 26 7
14705 27 27 9
9585 26 27 7
5489 26 26 7
13681 1 28 9
3441 26 26 7
11633 1 28 9
7537 26 26 9
9073 26 28 7
4977 26 28 7
13169 26 28 9
2929 26 26 7
11121 26 26 9
7025 26 26 9
1905 26 26 7
10097 1 27 9
6001 27 27 9
3953 26 26 9
12529 26 26 7
10481 26 27 7
6385 26 26 7
14577 26 26 9
9457 28 28 7
5361 28 28 7
13553 28 28 9
3313 27 27 7
11505 1 27 9
7409 26 26 9
8945 27 28 7
4849 27 28 7
13041 27 28 9
2801 27 27 7
10993 27 27 9
6897 28 28 9
1777 26 26 7
9969 1 28 9
5873 26 26 9
3825 27 27 9
8689 27 28 7
4593 26 28 7
12785 26 28 9
2545 27 27 7
10737 27 27 9
6641 27 27 9
1521 27 27 7
9713 1 28 9
5617 27 27 9
3569 27 27 9
1009 26 26 7
9201 1 28 9
5105 26 28 9
3057 27 27 9
2033 26 26 9
15881 27 27 7
15625 27 28 7
15113 26 26 7
14089 26 28 7
12041 27 27 7
7945 26 26 7
16137 27 27 9
15497 26 26 7
14985 26 28 7
13961 26 28 7
11913 26 28 7
7817 26 26 7
16009 26 28 9
14729 26 28 7
13705 26 28 7
11657 26 28 7
7561 27 28 7
15753 1 28 9
13193 26 28 7
11145 27 28 7
7049 27 27 7
15241 27 27 9
10121 28 28 7
6025 28 28 7
14217 28 28 9
3977 28 28 7
12169 28 28 9
8073 28 28 9
15433 26 26 7
14921 26 27 7
13897 26 28 7
11849 26 28 7
7753 27 27 7
15945 26 28 9
14665 26 27 7
13641 26 26 7
11593 26 28 7
7497 26 26 7
15689 1 28 9
13129 27 27 7
11081 26 28 7
6985 27 27 7
15177 26 28 9
10057 26 28 7
5961 26 26 7
14153 26 28 9
3913 26 26 7
12105 26 27 9
8009 26 26 9
14537 26 27 7
13513 26 28 7
11465 26 28 7
7369 26 26 7
15561 26 27 9
13001 26 28 7
10953 26 27 7
6857 26 26 7
15049 26 28 9
9929 26 27 7
5833 26 26 7
14025 26 28 9
3785 27 27 7
11977 1 27 9
7881 26 28 9
12745 27 28 7
10697 26 27 7
6601 26 26 7
14793 26 28 9
9673 26 27 7
5577 27 27 7
13769 28 28 9
3529 26 26 7
11721 1 27 9
7625 26 28 9
9161 26 28 7
5065 27 27 7
13257 26 28 9
3017 26 26 7
11209 1 28 9
7113 26 26 9
1993 27 27 7
10185 1 28 9
6089 27 27 9
4041 26 26 9
15401 26 28 7
14889 26 28 7
13865 27 27 7
11817 26 28 7
7721 27 28 7
15913 27 28 9
14633 27 27 7
13609 26 28 7
11561 26 28 7
7465 27 27 7
15657 1 28 9
13097 26 28 7
11049 26 28 7
6953 27 27 7
15145 27 27 9
10025 26 28 7
5929 27 27 7
14121 26 28 9
3881 27 27 7
12073 1 28 9
7977 27 27 9
14505 27 27 7
13481 26 28 7
11433 26 28 7
7337 26 28 7
15529 1 28 9
12969 26 28 7
10921 27 27 7
6825 26 26 7
15017 26 27 9
9897 26 28 7
5801 26 28 7
13993 26 28 9
3753 26 26 7
11945 26 28 9
7849 26 26 9
12713 26 28 7
10665 26 28 7
6569 26 26 7
14761 26 28 9
9641 27 28 7
5545 27 28 7
13737 1 28 9
3497 28 28 7
11689 1 28 9
7593 27 28 9
9129 26 28 7
5033 26 28 7
13225 26 28 9
2985 26 26 7
11177 26 27 9
7081 26 26 9
1961 26 26 7
10153 1 27 9
6057 26 26 9
4009 26 26 9
14441 26 26 7
13417 26 26 7
11369 27 28 7
7273 27 27 7
15465 26 28 9
12905 26 28 7
10857 26 28 7
6761 26 26 7
14953 26 28 9
9833 26 28 7
5737 26 28 7
13929 26 28 9
3689 26 26 7
11881 26 28 9
7785 27 27 9
12649 26 28 7
10601 26 28 7
6505 26 26 7
14697 26 26 9
9577 26 28 7
5481 26 28 7
13673 26 28 9
3433 26 26 7
11625 26 28 9
7529 26 26 9
9065 26 28 7
4969 27 28 7
13161 27 28 9
2921 26 26 7
11113 26 28 9
7017 26 26 9
1897 27 27 7
10089 1 28 9
5993 27 27 9
3945 27 27 9
12521 26 28 7
10473 26 28 7
6377 26 26 7
14569 27 27 9
9449 26 28 7
5353 26 26 7
13545 26 27 9
3305 26 26 7
11497 1 28 9
7401 26 28 9
8937 26 28 7
4841 26 28 7
13033 26 28 9
2793 26 26 7
10985 26 28 9
6889 26 26 9
1769 26 26 7
9961 1 28 9
5865 26 28 9
3817 26 26 9
8681 26 28 7
4585 26 28 7
12777 26 28 9
2537 26 26 7
10729 26 28 9
6633 26 26 9
1513 26 26 7
9705 1 28 9
5609 26 28 9
3561 26 26 9
1001 27 27 7
9193 1 28 9
5097 26 28 9
3049 27 27 9
2025 27 27 9
15385 26 27 7
14873 26 27 7
13849 26 28 7
11801 26 28 7
7705 26 28 7
15897 26 28 9
14617 26 26 7
13593 26 28 7
11545 26 27 7
7449 27 27 7
15641 1 28 9
13081 26 26 7
11033 26 28 7
6937 27 27 7
15129 27 27 9
10009 26 27 7
5913 26 26 7
14105 26 28 9
3865 26 26 7
12057 26 27 9
7961 26 26 9
14489 26 26 7
13465 26 28 7
11417 26 27 7
7321 26 26 7
15513 1 28 9
12953 27 27 7
10905 26 27 7
6809 27 27 7
15001 26 26 9
9881 26 28 7
5785 27 28 7
13977 27 28 9
3737 27 27 7
11929 27 28 9
7833 27 28 9
12697 27 27 7
10649 26 28 7
6553 26 26 7
14745 26 28 9
9625 26 27 7
5529 27 27 7
13721 26 27 9
3481 27 27 7
11673 27 28 9
7577 27 28 9
9113 26 28 7
5017 26 26 7
13209 26 28 9
2969 26 26 7
11161 26 26 9
7065 26 26 9
1945 28 28 7
10137 26 27 9
6041 26 26 9
3993 26 26 9
14425 26 26 7
13401 26 28 7
11353 27 27 7
7257 26 26 7
15449 1 28 9
12889 26 28 7
10841 26 27 7
6745 26 26 7
14937 27 27 9
9817 26 28 7
5721 27 28 7
13913 1 28 9
3673 26 26 7
11865 1 27 9
7769 27 28 9
12633 26 28 7
10585 26 27 7
6489 26 26 7
14681 26 26 9
9561 26 28 7
5465 26 28 7
13657 26 28 9
3417 26 26 7
11609 1 28 9
7513 26 28 9
9049 26 28 7
4953 27 28 7
13145 26 28 9
2905 26 26 7
11097 27 27 9
7001 28 28 9
1881 27 27 7
10073 27 27 9
5977 27 27 9
3929 28 28 9
12505 26 26 7
10457 26 27 7
6361 26 26 7
14553 27 27 9
9433 26 27 7
5337 26 26 7
13529 1 28 9
3289 27 27 7
11481 1 27 9
7385 26 26 9
8921 26 28 7
4825 26 28 7
13017 26 28 9
2777 28 28 7
10969 26 28 9
6873 26 28 9
1753 26 26 7
9945 1 27 9
5849 26 28 9
3801 26 26 9
8665 27 27 7
4569 27 27 7
12761 27 28 9
2521 27 27 7
10713 26 28 9
6617 26 26 9
1497 26 26 7
9689 1 28 9
5593 27 27 9
3545 26 26 9
985 27 27 7
9177 1 28 9
5081 26 28 9
3033 26 26 9
2009 26 26 9
14393 26 27 7
13369 26 28 7
11321 26 28 7
7225 26 28 7
15417 1 28 9
12857 26 28 7
10809 26 27 7
6713 26 26 7
14905 27 28 9
9785 26 28 7
5689 26 28 7
13881 1 28 9
3641 26 26 7
11833 28 28 9
7737 28 28 9
12601 26 28 7
10553 26 27 7
6457 26 26 7
14649 27 27 9
9529 26 27 7
5433 26 26 7
13625 1 28 9
3385 26 26 7
11577 1 28 9
7481 26 26 9
9017 26 27 7
4921 26 26 7
13113 26 28 9
2873 26 26 7
11065 26 27 9
6969 26 26 9
1849 26 26 7
10041 26 27 9
5945 26 26 9
3897 26 26 9
12473 26 26 7
10425 26 27 7
6329 26 26 7
14521 26 27 9
9401 26 28 7
5305 26 26 7
13497 26 27 9
3257 26 26 7
11449 1 27 9
7353 26 26 9
8889 26 27 7
4793 26 26 7
12985 27 28 9
2745 26 26 7
10937 26 27 9
6841 26 26 9
1721 26 26 7
9913 1 27 9
5817 26 28 9
3769 26 26 9
8633 26 28 7
4537 26 28 7
12729 26 28 9
2489 26 26 7
10681 26 26 9
6585 27 27 9
1465 27 27 7
9657 1 28 9
5561 26 28 9
3513 26 26 9
953 26 26 7
9145 1 27 9
5049 26 28 9
3001 26 26 9
1977 27 27 9
12409 26 28 7
10361 26 27 7
6265 26 26 7
14457 26 26 9
9337 26 27 7
5241 26 26 7
13433 1 28 9
3193 26 26 7
11385 1 28 9
7289 27 27 9
8825 26 28 7
4729 26 28 7
12921 27 28 9
2681 27 27 7
10873 1 27 9
6777 26 28 9
1657 27 27 7
9849 1 28 9
5753 26 28 9
3705 26 26 9
8569 26 27 7
4473 26 26 7
12665 26 28 9
2425 26 26 7
10617 26 26 9
6521 26 26 9
1401 27 27 7
9593 1 28 9
5497 26 26 9
3449 26 26 9
889 26 26 7
9081 1 28 9
4985 26 28 9
2937 26 26 9
1913 26 26 9
8441 26 28 7
4345 27 28 7
12537 1 28 9
2297 26 26 7
10489 26 27 9
6393 26 26 9
1273 26 26 7
9465 1 27 9
5369 27 27 9
3321 26 26 9
761 27 27 7
8953 1 28 9
4857 27 28 9
2809 26 26 9
1785 27 27 9
505 27 27 7
8697 1 27 9
4601 26 28 9
2553 28 28 9
1529 27 27 9
1017 26 26 9
15877 27 27 7
15621 26 27 7
15109 26 27 7
14085 26 28 7
12037 26 27 7
7941 26 26 7
16133 26 26 9
15493 26 27 7
14981 26 26 7
13957 26 28 7
11909 26 28 7
7813 26 28 7
16005 26 28 9
14725 27 27 7
13701 26 28 7
11653 26 27 7
7557 27 27 7
15749 1 28 9
13189 27 28 7
11141 27 27 7
7045 27 27 7
15237 27 27 9
10117 26 27 7
6021 27 27 7
14213 1 28 9
3973 26 26 7
12165 1 27 9
8069 27 27 9
15429 26 27 7
14917 26 26 7
13893 26 28 7
11845 26 28 7
7749 27 28 7
15941 1 28 9
14661 26 26 7
13637 27 27 7
11589 26 28 7
7493 26 26 7
15685 1 28 9
13125 26 28 7
11077 26 28 7
6981 26 26 7
15173 26 26 9
10053 26 28 7
5957 26 28 7
14149 1 28 9
3909 27 27 7
12101 28 28 9
8005 27 27 9
14533 26 26 7
13509 26 28 7
11461 26 28 7
7365 26 26 7
15557 1 28 9
12997 26 28 7
10949 26 27 7
6853 27 27 7
15045 27 28 9
9925 26 28 7
5829 27 28 7
14021 1 28 9
3781 26 26 7
11973 1 27 9
7877 26 28 9
12741 26 28 7
10693 26 28 7
6597 26 26 7
14789 26 26 9
9669 26 28 7
5573 26 28 7
13765 26 28 9
3525 26 26 7
11717 1 27 9
7621 26 28 9
9157 26 27 7
5061 26 26 7
13253 26 28 9
3013 26 26 7
11205 26 27 9
7109 26 28 9
1989 26 26 7
10181 1 27 9
6085 26 28 9
4037 27 27 9
15397 27 27 7
14885 27 27 7
13861 26 26 7
11813 26 27 7
7717 26 26 7
15909 26 28 9
14629 27 27 7
13605 27 28 7
11557 27 27 7
7461 27 27 7
15653 27 28 9
13093 27 27 7
11045 27 27 7
6949 27 27 7
15141 27 27 9
10021 27 28 7
5925 27 27 7
14117 27 28 9
3877 27 27 7
12069 26 28 9
7973 27 27 9
14501 26 26 7
13477 26 28 7
11429 26 28 7
7333 26 28 7
15525 26 28 9
12965 26 26 7
10917 26 28 7
6821 26 26 7
15013 26 28 9
9893 26 28 7
5797 26 26 7
13989 26 28 9
3749 26 26 7
11941 1 28 9
7845 26 28 9
12709 27 27 7
10661 26 27 7
6565 26 26 7
14757 26 27 9
9637 27 27 7
5541 26 26 7
13733 1 28 9
3493 26 26 7
11685 1 27 9
7589 26 28 9
9125 26 28 7
5029 26 28 7
13221 1 28 9
2981 26 26 7
11173 1 27 9
7077 27 27 9
1957 26 26 7
10149 1 28 9
6053 26 26 9
4005 26 26 9
14437 26 26 7
13413 26 28 7
11365 26 27 7
7269 27 27 7
15461 1 27 9
12901 26 28 7
10853 26 27 7
6757 26 26 7
14949 26 27 9
9829 26 28 7
5733 27 27 7
13925 27 28 9
3685 27 27 7
11877 1 27 9
7781 27 27 9
12645 26 28 7
10597 26 28 7
6501 26 26 7
14693 26 26 9
9573 26 27 7
5477 26 26 7
13669 26 26 9
3429 26 26 7
11621 26 28 9
7525 26 28 9
9061 26 28 7
4965 27 28 7
13157 26 28 9
2917 26 26 7
11109 26 26 9
7013 26 26 9
1893 27 27 7
10085 1 28 9
5989 27 27 9
3941 27 27 9
12517 26 26 7
10469 26 27 7
6373 26 26 7
14565 26 27 9
9445 26 28 7
5349 26 28 7
13541 1 28 9
3301 27 27 7
11493 1 27 9
7397 27 28 9
8933 26 28 7
4837 27 27 7
13029 26 28 9
2789 27 27 7
10981 1 27 9
6885 26 26 9
1765 26 26 7
9957 1 27 9
5861 26 26 9
3813 26 26 9
8677 26 28 7
4581 26 28 7
12773 1 28 9
2533 26 26 7
10725 26 26 9
6629 26 26 9
1509 27 27 7
9701 1 28 9
5605 27 28 9
3557 26 26 9
997 26 26 7
9189 1 27 9
5093 26 28 9
3045 26 26 9
2021 26 26 9
15381 26 27 7
14869 26 26 7
13845 27 28 7
11797 26 28 7
7701 26 28 7
15893 26 28 9
14613 26 26 7
13589 26 28 7
11541 26 27 7
7445 26 26 7
15637 1 28 9
13077 27 28 7
11029 28 28 7
6933 26 26 7
15125 26 26 9
10005 26 27 7
5909 26 26 7
14101 26 28 9
3861 27 27 7
12053 26 28 9
7957 26 26 9
14485 26 27 7
13461 27 27 7
11413 27 27 7
7317 27 27 7
15509 1 28 9
12949 26 26 7
10901 26 27 7
6805 27 27 7
14997 26 28 9
9877 27 28 7
5781 26 28 7
13973 26 28 9
3733 26 26 7
11925 1 28 9
7829 26 28 9
12693 26 28 7
10645 28 28 7
6549 28 28 7
14741 28 28 9
9621 26 27 7
5525 27 27 7
13717 1 27 9
3477 26 26 7
11669 1 27 9
7573 26 26 9
9109 26 28 7
5013 26 26 7
13205 26 28 9
2965 27 27 7
11157 26 27 9
7061 26 26 9
1941 26 26 7
10133 1 27 9
6037 26 26 9
3989 26 26 9
14421 26 26 7
13397 26 28 7
11349 26 27 7
7253 27 27 7
15445 26 27 9
12885 27 28 7
10837 26 28 7
6741 26 26 7
14933 26 26 9
9813 26 28 7
5717 26 28 7
13909 26 28 9
3669 26 26 7
11861 26 27 9
7765 26 26 9
12629 27 27 7
10581 26 27 7
6485 26 26 7
14677 26 26 9
9557 26 27 7
5461 26 26 7
13653 1 28 9
3413 26 26 7
11605 26 27 9
7509 26 26 9
9045 26 28 7
4949 26 26 7
13141 26 28 9
2901 26 26 7
11093 26 26 9
6997 26 26 9
1877 26 26 7
10069 1 27 9
5973 26 26 9
3925 26 26 9
12501 26 28 7
10453 26 27 7
6357 26 26 7
14549 26 26 9
9429 26 27 7
5333 26 26 7
13525 27 28 9
3285 26 26 7
11477 1 27 9
7381 27 27 9
8917 26 27 7
4821 27 28 7
13013 1 28 9
2773 27 27 7
10965 1 28 9
6869 27 28 9
1749 26 26 7
9941 1 27 9
5845 26 26 9
3797 26 26 9
8661 26 28 7
4565 27 27 7
12757 27 28 9
2517 27 27 7
10709 26 26 9
6613 26 26 9
1493 27 27 7
9685 1 27 9
5589 26 26 9
3541 26 26 9
981 26 26 7
9173 1 28 9
5077 26 28 9
3029 26 26 9
2005 26 26 9
14389 26 28 7
13365 26 26 7
11317 26 28 7
7221 26 26 7
15413 1 28 9
12853 26 26 7
10805 28 28 7
6709 27 27 7
14901 27 27 9
9781 26 27 7
5685 26 26 7
13877 1 28 9
3637 26 26 7
11829 26 28 9
7733 26 28 9
12597 28 28 7
10549 27 27 7
6453 27 27 7
14645 27 27 9
9525 27 27 7
5429 26 26 7
13621 26 28 9
3381 27 27 7
11573 27 27 9
7477 27 28 9
9013 26 28 7
4917 26 26 7
13109 26 28 9
2869 26 26 7
11061 26 26 9
6965 26 26 9
1845 27 27 7
10037 1 28 9
5941 27 28 9
3893 27 27 9
12469 26 26 7
10421 26 27 7
6325 26 26 7
14517 26 26 9
9397 26 27 7
5301 26 26 7
13493 1 27 9
3253 26 26 7
11445 1 27 9
7349 26 26 9
8885 26 27 7
4789 26 26 7
12981 26 28 9
2741 26 26 7
10933 1 27 9
6837 26 28 9
1717 27 27 7
9909 1 28 9
5813 26 28 9
3765 26 26 9
8629 26 27 7
4533 26 26 7
12725 26 28 9
2485 27 27 7
10677 26 27 9
6581 27 27 9
1461 27 27 7
9653 1 28 9
5557 26 26 9
3509 26 26 9
949 26 26 7
9141 1 27 9
5045 26 28 9
2997 26 26 9
1973 26 26 9
12405 26 28 7
10357 27 27 7
6261 26 26 7
14453 26 27 9
9333 26 28 7
5237 26 26 7
13429 26 26 9
3189 26 26 7
11381 1 28 9
7285 26 26 9
8821 26 27 7
4725 27 27 7
12917 26 28 9
2677 26 26 7
10869 1 27 9
6773 26 28 9
1653 26 26 7
9845 1 27 9
5749 26 28 9
3701 26 26 9
8565 28 28 7
4469 27 27 7
12661 27 28 9
2421 27 27 7
10613 26 27 9
6517 27 27 9
1397 28 28 7
9589 1 28 9
5493 27 27 9
3445 28 28 9
885 28 28 7
9077 1 28 9
4981 28 28 9
2933 27 27 9
1909 27 27 9
8437 26 28 7
4341 27 27 7
12533 26 28 9
2293 28 28 7
10485 28 28 9
6389 27 27 9
1269 27 27 7
9461 1 28 9
5365 27 27 9
3317 27 27 9
757 27 27 7
8949 1 28 9
4853 26 28 9
2805 26 26 9
1781 26 26 9
501 27 27 7
8693 1 28 9
4597 26 28 9
2549 27 27 9
1525 26 26 9
1013 26 26 9
15373 26 27 7
14861 26 26 7
13837 26 28 7
11789 26 28 7
7693 28 28 7
15885 28 28 9
14605 26 26 7
13581 27 28 7
11533 27 27 7
7437 27 27 7
15629 26 28 9
13069 26 28 7
11021 26 27 7
6925 26 26 7
15117 26 28 9
9997 26 27 7
5901 26 26 7
14093 26 28 9
3853 26 26 7
12045 26 27 9
7949 26 26 9
14477 26 26 7
13453 26 28 7
11405 27 27 7
7309 26 26 7
15501 1 28 9
12941 26 28 7
10893 26 27 7
6797 26 26 7
14989 27 27 9
9869 26 27 7
5773 27 27 7
13965 26 28 9
3725 27 27 7
11917 26 28 9
7821 27 27 9
12685 26 28 7
10637 26 28 7
6541 27 27 7
14733 26 26 9
9613 27 28 7
5517 26 26 7
13709 1 28 9
3469 27 27 7
11661 1 28 9
7565 27 27 9
9101 26 28 7
5005 26 26 7
13197 26 28 9
2957 27 27 7
11149 1 28 9
7053 26 26 9
1933 26 26 7
10125 1 28 9
6029 27 27 9
3981 27 27 9
14413 26 28 7
13389 27 27 7
11341 28 28 7
7245 27 27 7
15437 28 28 9
12877 27 27 7
10829 26 27 7
6733 27 27 7
14925 26 26 9
9805 26 27 7
5709 26 26 7
13901 26 28 9
3661 26 26 7
11853 1 27 9
7757 26 28 9
12621 27 27 7
10573 26 27 7
6477 27 27 7
14669 27 27 9
9549 27 27 7
5453 26 26 7
13645 27 28 9
3405 26 26 7
11597 1 28 9
7501 26 28 9
9037 26 27 7
4941 27 27 7
13133 26 28 9
2893 27 27 7
11085 26 27 9
6989 26 26 9
1869 28 28 7
10061 1 28 9
5965 26 28 9
3917 26 26 9
12493 26 28 7
10445 26 28 7
6349 26 26 7
14541 26 27 9
9421 26 27 7
5325 27 27 7
13517 1 28 9
3277 26 26 7
11469 1 27 9
7373 26 28 9
8909 26 27 7
4813 26 26 7
13005 1 28 9
2765 26 26 7
10957 1 28 9
6861 26 28 9
1741 26 26 7
9933 1 27 9
5837 26 28 9
3789 26 26 9
8653 26 28 7
4557 27 27 7
12749 27 28 9
2509 26 26 7
10701 27 27 9
6605 26 26 9
1485 26 26 7
9677 1 27 9
5581 26 26 9
3533 26 26 9
973 26 26 7
9165 1 27 9
5069 26 28 9
3021 27 27 9
1997 26 26 9
14381 26 26 7
13357 26 28 7
11309 26 27 7
7213 26 26 7
15405 1 28 9
12845 27 27 7
10797 26 27 7
6701 26 26 7
14893 26 26 9
9773 26 28 7
5677 28 28 7
13869 27 28 9
3629 27 27 7
11821 1 28 9
7725 27 28 9
12589 26 28 7
10541 26 28 7
6445 26 26 7
14637 26 26 9
9517 26 26 7
5421 26 26 7
13613 26 28 9
3373 27 27 7
11565 1 28 9
7469 26 28 9
9005 26 27 7
4909 26 26 7
13101 26 28 9
2861 26 26 7
11053 26 28 9
6957 27 27 9
1837 26 26 7
10029 1 28 9
5933 27 28 9
3885 27 27 9
12461 27 27 7
10413 26 28 7
6317 26 26 7
14509 26 26 9
9389 26 27 7
5293 27 27 7
13485 26 28 9
3245 28 28 7
11437 1 28 9
7341 27 28 9
8877 26 27 7
4781 26 26 7
12973 26 28 9
2733 27 27 7
10925 1 28 9
6829 27 28 9
1709 27 27 7
9901 1 28 9
5805 27 28 9
3757 26 26 9
8621 26 27 7
4525 26 26 7
12717 26 26 9
2477 27 27 7
10669 26 27 9
6573 27 27 9
1453 26 26 7
9645 1 27 9
5549 26 26 9
3501 26 26 9
941 26 26 7
9133 1 27 9
5037 26 28 9
2989 26 26 9
1965 27 27 9
12397 27 27 7
10349 26 28 7
6253 27 27 7
14445 27 27 9
9325 27 27 7
5229 26 26 7
13421 1 28 9
3181 26 26 7
11373 1 28 9
7277 27 27 9
8813 26 28 7
4717 27 27 7
12909 27 28 9
2669 27 27 7
10861 1 28 9
6765 27 27 9
1645 27 27 7
9837 1 28 9
5741 27 27 9
3693 27 27 9
8557 26 27 7
4461 27 27 7
12653 26 28 9
2413 26 26 7
10605 26 28 9
6509 27 27 9
1389 26 26 7
9581 1 27 9
5485 27 27 9
3437 26 26 9
877 26 26 7
9069 1 28 9
4973 26 28 9
2925 26 26 9
1901 26 26 9
8429 26 28 7
4333 27 27 7
12525 1 28 9
2285 26 26 7
10477 1 27 9
6381 26 26 9
1261 26 26 7
9453 1 28 9
5357 26 26 9
3309 27 27 9
749 26 26 7
8941 1 28 9
4845 26 26 9
2797 26 26 9
1773 27 27 9
493 27 27 7
8685 1 27 9
4589 26 26 9
2541 26 26 9
1517 26 26 9
1005 26 26 9
14365 26 27 7
13341 26 28 7
11293 27 27 7
7197 27 27 7
15389 26 27 9
12829 27 27 7
10781 26 28 7
6685 27 27 7
14877 26 28 9
9757 26 26 7
5661 26 26 7
13853 26 28 9
3613 27 27 7
11805 1 28 9
7709 26 28 9
12573 26 28 7
10525 26 27 7
6429 27 27 7
14621 26 28 9
9501 26 27 7
5405 27 27 7
13597 26 28 9
3357 27 27 7
11549 1 28 9
7453 26 28 9
8989 26 27 7
4893 27 27 7
13085 26 28 9
2845 27 27 7
11037 27 28 9
6941 27 27 9
1821 26 26 7
10013 1 27 9
5917 26 28 9
3869 26 26 9
12445 26 28 7
10397 26 27 7
6301 26 26 7
14493 27 27 9
9373 26 27 7
5277 27 27 7
13469 27 27 9
3229 26 26 7
11421 1 27 9
7325 26 28 9
8861 26 27 7
4765 26 26 7
12957 26 28 9
2717 26 26 7
10909 26 27 9
6813 26 26 9
1693 27 27 7
9885 1 28 9
5789 27 27 9
3741 26 26 9
8605 26 27 7
4509 26 26 7
12701 26 28 9
2461 27 27 7
10653 26 27 9
6557 26 26 9
1437 26 26 7
9629 1 27 9
5533 26 26 9
3485 27 27 9
925 26 26 7
9117 1 27 9
5021 26 28 9
2973 26 26 9
1949 26 26 9
12381 26 26 7
10333 27 28 7
6237 26 26 7
14429 26 27 9
9309 26 26 7
5213 27 27 7
13405 26 26 9
3165 26 26 7
11357 1 28 9
7261 26 26 9
8797 26 27 7
4701 26 26 7
12893 26 28 9
2653 27 27 7
10845 26 27 9
6749 28 28 9
1629 26 26 7
9821 26 27 9
5725 26 26 9
3677 26 26 9
8541 26 27 7
4445 26 26 7
12637 26 28 9
2397 26 26 7
10589 26 27 9
6493 26 26 9
1373 26 26 7
9565 1 28 9
5469 27 27 9
3421 27 27 9
861 26 26 7
9053 1 28 9
4957 27 27 9
2909 27 27 9
1885 26 26 9
8413 26 27 7
4317 26 26 7
12509 26 28 9
2269 26 26 7
10461 26 27 9
6365 26 26 9
1245 26 26 7
9437 1 28 9
5341 26 26 9
3293 26 26 9
733 26 26 7
8925 1 27 9
4829 26 26 9
2781 26 26 9
1757 27 27 9
477 26 26 7
8669 1 27 9
4573 26 26 9
2525 26 26 9
1501 26 26 9
989 26 26 9
12349 27 27 7
10301 26 28 7
6205 27 27 7
14397 26 27 9
9277 26 28 7
5181 27 27 7
13373 26 28 9
3133 26 26 7
11325 1 28 9
7229 27 28 9
8765 27 28 7
4669 28 28 7
12861 28 28 9
2621 28 28 7
10813 27 28 9
6717 27 28 9
1597 27 27 7
9789 1 28 9
5693 27 28 9
3645 27 27 9
8509 27 28 7
4413 26 26 7
12605 26 28 9
2365 26 26 7
10557 27 27 9
6461 26 26 9
1341 26 26 7
9533 1 27 9
5437 26 26 9
3389 27 27 9
829 26 26 7
9021 1 28 9
4925 26 28 9
2877 26 26 9
1853 26 26 9
8381 26 27 7
4285 27 27 7
12477 26 28 9
2237 26 26 7
10429 27 28 9
6333 26 26 9
1213 26 26 7
9405 1 28 9
5309 26 26 9
3261 27 27 9
701 26 26 7
8893 1 27 9
4797 26 28 9
2749 27 27 9
1725 26 26 9
445 26 26 7
8637 1 27 9
4541 26 28 9
2493 26 26 9
1469 26 26 9
957 26 26 9
8317 26 27 7
4221 26 26 7
12413 26 28 9
2173 26 26 7
10365 26 28 9
6269 26 26 9
1149 27 27 7
9341 1 27 9
5245 26 26 9
3197 27 27 9
637 27 27 7
8829 1 27 9
4733 26 28 9
2685 26 26 9
1661 27 27 9
381 26 26 7
8573 1 27 9
4477 26 28 9
2429 26 26 9
1405 26 26 9
893 26 26 9
253 27 27 7
8445 1 28 9
4349 28 28 9
2301 28 28 9
1277 26 26 9
765 26 26 9
509 26 26 9
15875 26 27 7
15619 26 27 7
15107 26 27 7
14083 26 28 7
12035 26 27 7
7939 26 26 7
16131 26 27 9
15491 27 27 7
14979 26 26 7
13955 27 28 7
11907 27 27 7
7811 26 26 7
16003 26 28 9
14723 26 26 7
13699 26 28 7
11651 26 27 6
7555 26 26 6
15747 1 28 9
13187 26 28 6
11139 26 27 7
7043 26 26 7
15235 26 27 9
10115 26 27 6
6019 26 26 7
14211 1 28 9
3971 26 26 7
12163 1 27 9
8067 26 26 9
15427 26 27 6
14915 26 28 6
13891 26 28 6
11843 26 28 6
7747 26 26 6
15939 1 28 9
14659 26 28 6
13635 26 26 6
11587 27 27 6
7491 26 26 7
15683 26 27 9
13123 26 28 6
11075 26 26 6
6979 26 26 6
15171 26 26 9
10051 26 26 6
5955 27 27 6
14147 27 27 9
3907 27 27 6
12099 26 27 9
8003 26 26 9
14531 26 26 6
13507 26 28 6
11459 27 28 6
7363 26 26 6
15555 26 27 9
12995 26 26 6
10947 26 27 6
6851 27 27 6
15043 26 26 9
9923 26 27 6
5827 26 26 6
14019 26 28 9
3779 26 26 6
11971 1 27 9
7875 26 28 9
12739 26 26 6
10691 26 27 6
6595 26 26 6
14787 26 26 9
9667 26 28 6
5571 26 26 6
13763 26 28 9
3523 27 27 6
11715 27 27 9
7619 27 27 9
9155 26 27 6
5059 26 26 6
13251 26 28 9
3011 26 26 6
11203 26 27 9
7107 26 26 9
1987 26 26 6
10179 1 28 9
6083 26 28 9
4035 26 26 9
15395 26 27 6
14883 26 26 6
13859 26 28 6
11811 26 27 6
7715 27 27 6
15907 26 28 9
14627 27 27 6
13603 27 27 6
11555 26 28 6
7459 26 26 6
15651 26 28 9
13091 26 28 6
11043 28 28 6
6947 27 27 6
15139 27 27 9
10019 26 28 6
5923 27 27 6
14115 26 28 9
3875 27 27 6
12067 26 26 9
7971 26 26 9
14499 26 26 6
13475 26 28 6
11427 26 27 6
7331 26 26 6
15523 1 27 9
12963 26 28 6
10915 27 28 6
6819 26 26 6
15011 26 28 9
9891 26 27 6
5795 27 27 6
13987 26 28 9
3747 27 27 6
11939 1 28 9
7843 26 26 9
12707 26 28 6
10659 26 27 6
6563 26 26 6
14755 26 26 9
9635 27 27 6
5539 26 26 6
13731 26 26 9
3491 27 27 6
11683 1 28 9
7587 26 26 9
9123 26 28 6
5027 27 27 6
13219 26 26 9
2979 27 27 6
11171 1 28 9
7075 27 27 9
1955 27 27 6
10147 1 28 9
6051 26 26 9
4003 26 26 9
14435 26 26 6
13411 26 28 6
11363 26 27 6
7267 26 26 6
15459 1 27 9
12899 26 28 6
10851 26 28 6
6755 26 26 6
14947 26 27 9
9827 26 27 6
5731 26 26 6
13923 26 28 9
3683 27 27 6
11875 26 27 9
7779 26 26 9
12643 26 28 6
10595 26 27 6
6499 27 27 6
14691 26 28 9
9571 27 28 6
5475 27 27 6
13667 27 28 9
3427 26 26 6
11619 26 27 9
7523 26 28 9
9059 27 28 6
4963 27 27 6
13155 27 28 9
2915 27 27 6
11107 26 28 9
7011 27 27 9
1891 27 27 6
10083 1 28 9
5987 27 27 9
3939 26 26 9
12515 27 27 6
10467 26 28 6
6371 26 26 6
14563 26 27 9
9443 26 27 6
5347 26 26 6
13539 1 28 9
3299 26 26 6
11491 1 27 9
7395 26 26 9
8931 27 27 6
4835 26 26 6
13027 27 28 9
2787 26 26 6
10979 26 27 9
6883 26 26 9
1763 27 27 6
9955 1 28 9
5859 26 28 9
3811 26 26 9
8675 26 28 6
4579 26 26 6
12771 26 28 9
2531 28 28 6
10723 28 28 9
6627 26 26 9
1507 27 27 6
9699 1 28 9
5603 26 26 9
3555 26 26 9
995 26 26 6
9187 28 28 9
5091 26 28 9
3043 26 26 9
2019 26 26 9
15379 26 28 6
14867 27 27 6
13843 26 28 5
11795 27 27 5
7699 26 26 6
15891 26 28 9
14611 27 28 5
13587 26 27 5
11539 27 27 5
7443 27 27 5
15635 26 27 9
13075 27 27 5
11027 26 27 5
6931 26 26 5
15123 26 26 9
10003 27 27 5
5907 27 27 5
14099 27 28 9
3859 28 28 5
12051 28 28 9
7955 28 28 9
14483 26 28 5
13459 26 26 5
11411 26 27 5
7315 27 27 5
15507 26 27 9
12947 26 26 6
10899 26 28 5
6803 27 27 6
14995 27 27 9
9875 26 28 5
5779 27 27 5
13971 27 27 9
3731 27 27 5
11923 1 28 9
7827 26 28 9
12691 26 26 5
10643 26 27 5
6547 27 27 5
14739 26 26 9
9619 26 27 5
5523 26 26 5
13715 1 28 9
3475 26 26 5
11667 1 27 9
7571 26 26 9
9107 27 27 5
5011 26 26 5
13203 26 28 9
2963 26 26 5
11155 26 27 9
7059 26 26 9
1939 27 27 5
10131 1 27 9
6035 27 27 9
3987 26 26 9
14419 27 27 5
13395 27 27 5
11347 27 28 5
7251 27 27 5
15443 27 28 9
12883 27 28 5
10835 27 27 5
6739 27 27 5
14931 27 27 9
9811 27 27 5
5715 27 27 5
13907 27 28 9
3667 27 27 5
11859 1 28 9
7763 27 27 9
12627 26 28 5
10579 26 27 5
6483 27 27 5
14675 27 27 9
9555 26 27 5
5459 26 26 5
13651 1 28 9
3411 28 28 5
11603 28 28 9
7507 27 27 9
9043 26 27 5
4947 27 27 5
13139 26 28 9
2899 26 26 5
11091 1 27 9
6995 27 27 9
1875 26 26 5
10067 1 28 9
5971 26 26 9
3923 26 26 9
12499 27 28 5
10451 27 28 5
6355 27 27 5
14547 27 27 9
9427 27 27 5
5331 27 27 5
13523 27 27 9
3283 27 27 5
11475 1 28 9
7379 27 27 9
8915 27 27 5
4819 27 27 5
13011 27 28 9
2771 27 27 5
10963 1 28 9
6867 27 27 9
1747 27 27 5
9939 1 28 9
5843 27 27 9
3795 27 27 9
8659 27 27 5
4563 27 27 5
12755 1 28 9
2515 27 27 5
10707 26 28 9
6611 27 27 9
1491 27 27 5
9683 1 28 9
5587 27 27 9
3539 27 27 9
979 27 27 5
9171 1 28 9
5075 27 27 9
3027 27 27 9
2003 27 27 9
14387 26 26 5
13363 26 26 5
11315 26 27 5
7219 26 26 5
15411 1 28 9
12851 26 28 5
10803 26 27 5
6707 26 26 5
14899 26 27 9
9779 26 28 5
5683 27 27 5
13875 27 28 9
3635 26 26 5
11827 1 27 9
7731 26 26 9
12595 26 28 2
10547 26 27 2
6451 26 26 3
14643 26 27 9
9523 26 28 3
5427 26 26 5
13619 28 28 9
3379 27 27 3
11571 1 28 9
7475 27 28 9
9011 26 28 2
4915 27 27 3
13107 27 28 9
2867 26 26 3
11059 26 26 9
6963 26 26 9
1843 27 27 3
10035 1 28 9
5939 26 28 9
3891 28 28 9
12467 26 28 4
10419 26 27 4
6323 26 26 5
14515 26 26 9
9395 26 27 3
5299 26 26 2
13491 1 28 9
3251 27 27 3
11443 1 27 9
7347 26 26 9
8883 26 27 3
4787 26 26 3
12979 1 28 9
2739 27 27 5
10931 26 28 9
6835 26 26 9
1715 27 27 3
9907 1 27 9
5811 26 26 9
3763 26 26 9
8627 26 28 3
4531 26 26 3
12723 1 28 9
2483 26 26 3
10675 26 27 9
6579 26 26 9
1459 27 27 2
9651 1 28 9
5555 27 27 9
3507 26 26 9
947 26 26 3
9139 1 28 9
5043 27 28 9
2995 26 26 9
1971 26 26 9
12403 26 26 3
10355 26 27 3
6259 26 26 3
14451 26 27 9
9331 26 27 3
5235 26 26 3
13427 26 27 9
3187 26 26 3
11379 1 27 9
7283 26 28 9
8819 26 27 4
4723 26 26 2
12915 26 28 9
2675 26 26 3
10867 26 27 9
6771 26 26 9
1651 26 26 3
9843 1 27 9
5747 26 26 9
3699 26 26 9
8563 26 28 3
4467 26 26 3
12659 26 28 9
2419 27 27 2
10611 26 26 9
6515 26 26 9
1395 26 26 3
9587 1 27 9
5491 26 26 9
3443 26 26 9
883 26 26 3
9075 1 27 9
4979 26 28 9
2931 27 27 9
1907 26 26 9
8435 26 27 4
4339 26 26 4
12531 1 28 9
2291 26 26 4
10483 26 27 9
6387 26 26 9
1267 27 27 4
9459 1 28 9
5363 26 26 9
3315 26 26 9
755 26 26 3
8947 1 28 9
4851 26 28 9
2803 26 26 9
1779 26 26 9
499 26 26 3
8691 1 27 9
4595 26 26 9
2547 26 26 9
1523 27 27 9
1011 26 26 9
15371 28 28 3
14859 26 26 3
13835 26 26 2
11787 26 27 3
7691 26 26 3
15883 26 28 9
14603 26 26 3
13579 27 28 3
11531 26 27 3
7435 26 26 3
15627 26 28 9
13067 26 28 3
11019 26 27 2
6923 26 26 2
15115 27 27 9
9995 26 27 3
5899 26 26 3
14091 26 28 9
3851 26 26 3
12043 26 27 9
7947 26 26 9
14475 26 26 3
13451 26 28 2
11403 26 27 3
7307 26 26 3
15499 26 26 9
12939 26 28 3
10891 27 28 3
6795 27 27 3
14987 26 27 9
9867 26 27 3
5771 27 27 3
13963 26 28 9
3723 26 26 2
11915 1 27 9
7819 27 28 9
12683 26 28 3
10635 27 27 3
6539 27 27 2
14731 26 27 9
9611 26 27 3
5515 26 26 3
13707 26 28 9
3467 26 26 3
11659 1 27 9
7563 26 26 9
9099 26 27 3
5003 27 27 3
13195 26 28 9
2955 26 26 3
11147 26 28 9
7051 26 26 9
1931 26 26 2
10123 1 27 9
6027 26 28 9
3979 26 26 9
14411 28 28 3
13387 26 26 3
11339 27 28 3
7243 26 26 3
15435 1 28 9
12875 26 28 3
10827 27 27 4
6731 26 26 3
14923 26 28 9
9803 27 28 3
5707 26 26 3
13899 26 28 9
3659 27 27 2
11851 26 27 9
7755 27 28 9
12619 26 28 4
10571 26 27 3
6475 27 27 3
14667 26 28 9
9547 27 28 2
5451 27 27 3
13643 1 28 9
3403 27 27 3
11595 1 28 9
7499 27 27 9
9035 26 26 2
4939 26 26 3
13131 26 28 9
2891 26 26 4
11083 26 27 9
6987 26 26 9
1867 26 26 4
10059 1 27 9
5963 26 26 9
3915 26 26 9
12491 26 28 4
10443 26 27 4
6347 26 26 3
14539 26 26 9
9419 26 27 2
5323 26 26 3
13515 1 28 9
3275 27 27 3
11467 1 28 9
7371 26 26 9
8907 26 27 3
4811 27 27 3
13003 1 28 9
2763 26 26 3
10955 1 28 9
6859 26 26 9
1739 26 26 2
9931 1 28 9
5835 26 28 9
3787 27 27 9
8651 26 28 3
4555 26 26 3
12747 26 28 9
2507 26 26 3
10699 26 27 9
6603 26 26 9
1483 27 27 3
9675 1 28 9
5579 26 26 9
3531 26 26 9
971 26 26 3
9163 1 27 9
5067 26 28 9
3019 27 27 9
1995 26 26 9
14379 26 26 2
13355 26 28 3
11307 26 27 2
7211 26 26 3
15403 26 28 9
12843 26 28 3
10795 26 27 3
6699 26 26 3
14891 26 27 9
9771 26 27 2
5675 28 28 3
13867 1 28 9
3627 26 26 3
11819 1 27 9
7723 26 28 9
12587 26 26 3
10539 26 28 3
6443 28 28 3
14635 26 26 9
9515 26 28 3
5419 26 26 3
13611 26 28 9
3371 27 27 2
11563 1 28 9
7467 26 26 9
9003 26 27 3
4907 28 28 3
13099 28 28 9
2859 26 26 3
11051 26 26 9
6955 26 26 9
1835 27 27 3
10027 1 28 9
5931 26 26 9
3883 26 26 9
12459 26 28 3
10411 26 27 3
6315 26 26 2
14507 26 26 9
9387 27 27 2
5291 27 27 3
13483 26 28 9
3243 26 26 3
11435 1 28 9
7339 26 28 9
8875 26 28 3
4779 26 26 3
12971 26 28 9
2731 26 26 3
10923 1 27 9
6827 26 28 9
1707 26 26 3
9899 1 28 9
5803 26 28 9
3755 26 26 9
8619 26 27 3
4523 26 26 3
12715 26 28 9
2475 26 26 3
10667 26 28 9
6571 26 26 9
1451 26 26 3
9643 1 27 9
5547 27 27 9
3499 26 26 9
939 27 27 3
9131 1 28 9
5035 26 28 9
2987 26 26 9
1963 27 27 9
12395 27 27 3
10347 26 28 3
6251 27 27 3
14443 27 27 9
9323 26 28 3
5227 28 28 2
13419 26 28 9
3179 26 26 3
11371 1 27 9
7275 26 28 9
8811 28 28 2
4715 28 28 3
12907 27 28 9
2667 28 28 3
10859 28 28 9
6763 28 28 9
1643 27 27 3
9835 1 28 9
5739 27 28 9
3691 26 26 9
8555 26 28 3
4459 26 26 3
12651 26 28 9
2411 26 26 3
10603 26 26 9
6507 26 26 9
1387 26 26 2
9579 1 28 9
5483 26 26 9
3435 27 27 9
875 26 26 3
9067 1 28 9
4971 26 28 9
2923 27 27 9
1899 26 26 9
8427 26 27 3
4331 26 26 3
12523 1 28 9
2283 27 27 2
10475 26 28 9
6379 27 27 9
1259 26 26 3
9451 1 27 9
5355 26 26 9
3307 26 26 9
747 27 27 3
8939 1 28 9
4843 26 26 9
2795 27 27 9
1771 26 26 9
491 27 27 3
8683 27 27 9
4587 28 28 9
2539 27 27 9
1515 27 27 9
1003 27 27 9
14363 26 26 3
13339 27 28 3
11291 27 27 3
7195 27 27 3
15387 28 28 9
12827 27 28 2
10779 27 27 3
6683 26 26 3
14875 26 28 9
9755 26 27 3
5659 26 26 2
13851 26 28 9
3611 26 26 3
11803 26 27 9
7707 26 26 9
12571 26 28 3
10523 26 27 3
6427 26 26 3
14619 26 26 9
9499 26 27 3
5403 26 26 3
13595 1 28 9
3355 26 26 3
11547 1 27 9
7451 27 27 9
8987 26 27 3
4891 27 27 3
13083 26 28 9
2843 27 27 3
11035 26 26 9
6939 26 26 9
1819 27 27 3
10011 1 28 9
5915 27 27 9
3867 27 27 9
12443 27 27 3
10395 27 28 3
6299 26 26 3
14491 27 28 9
9371 26 28 3
5275 26 26 2
13467 26 28 9
3227 26 26 3
11419 1 27 9
7323 26 26 9
8859 26 28 3
4763 26 26 3
12955 26 28 9
2715 26 26 3
10907 26 28 9
6811 27 27 9
1691 26 26 3
9883 1 27 9
5787 26 26 9
3739 27 27 9
8603 26 27 3
4507 27 27 2
12699 26 28 9
2459 26 26 3
10651 1 27 9
6555 26 26 9
1435 26 26 2
9627 1 27 9
5531 27 27 9
3483 26 26 9
923 27 27 3
9115 1 27 9
5019 26 26 9
2971 26 26 9
1947 26 26 9
12379 26 28 3
10331 26 27 2
6235 26 26 3
14427 27 27 9
9307 26 28 3
5211 26 26 3
13403 26 28 9
3163 27 27 2
11355 1 28 9
7259 27 27 9
8795 26 27 3
4699 27 27 3
12891 26 28 9
2651 28 28 2
10843 1 28 9
6747 27 27 9
1627 26 26 3
9819 1 28 9
5723 27 27 9
3675 27 27 9
8539 26 28 2
4443 27 27 3
12635 26 28 9
2395 26 26 3
10587 26 28 9
6491 27 27 9
1371 26 26 3
9563 1 28 9
5467 27 27 9
3419 27 27 9
859 26 26 3
9051 1 28 9
4955 26 26 9
2907 26 26 9
1883 26 26 9
8411 27 28 3
4315 27 27 3
12507 27 28 9
2267 26 26 3
10459 26 26 9
6363 27 27 9
1243 27 27 3
9435 1 28 9
5339 27 27 9
3291 27 27 9
731 26 26 3
8923 1 28 9
4827 27 27 9
2779 26 26 9
1755 26 26 9
475 27 27 3
8667 1 27 9
4571 26 26 9
2523 27 27 9
1499 27 27 9
987 26 26 9
12347 26 26 3
10299 26 27 3
6203 26 26 3
14395 26 28 9
9275 27 28 3
5179 27 27 2
13371 27 27 9
3131 28 28 2
11323 1 28 9
7227 27 27 9
8763 27 27 3
4667 26 26 3
12859 1 28 9
2619 26 26 3
10811 1 28 9
6715 27 27 9
1595 26 26 3
9787 1 28 9
5691 27 27 9
3643 26 26 9
8507 26 27 2
4411 26 26 3
12603 26 28 9
2363 26 26 3
10555 26 28 9
6459 26 26 9
1339 26 26 3
9531 1 28 9
5435 26 26 9
3387 27 27 9
827 26 26 3
9019 1 28 9
4923 26 26 9
2875 26 26 9
1851 26 26 9
8379 26 28 3
4283 27 27 2
12475 26 28 9
2235 28 28 3
10427 26 28 9
6331 27 27 9
1211 26 26 3
9403 1 28 9
5307 26 26 9
3259 26 26 9
699 26 26 3
8891 1 28 9
4795 26 26 9
2747 26 26 9
1723 26 26 9
443 26 26 2
8635 1 28 9
4539 26 26 9
2491 26 26 9
1467 26 26 9
955 26 26 9
8315 27 28 3
4219 27 27 3
12411 27 28 9
2171 27 27 3
10363 27 27 9
6267 27 27 9
1147 27 27 3
9339 1 28 9
5243 27 27 9
3195 26 26 9
635 27 27 3
8827 1 27 9
4731 26 28 9
2683 26 26 9
1659 27 27 9
379 26 26 2
8571 1 28 9
4475 27 27 9
2427 27 27 9
1403 26 26 9
891 26 26 9
251 26 26 3
8443 1 27 9
4347 26 28 9
2299 26 26 9
1275 26 26 9
763 26 26 9
507 26 26 9
15367 26 26 3
14855 26 26 3
13831 26 26 2
11783 26 27 3
7687 26 26 3
15879 26 26 9
14599 26 26 3
13575 26 28 3
11527 26 27 2
7431 26 26 3
15623 1 28 9
13063 26 28 2
11015 26 27 3
6919 26 26 3
15111 27 27 9
9991 26 27 3
5895 26 26 3
14087 26 28 9
3847 26 26 3
12039 26 27 9
7943 26 26 9
14471 26 26 3
13447 27 27 3
11399 26 27 3
7303 27 27 3
15495 27 27 9
12935 27 27 2
10887 26 28 3
6791 26 26 2
14983 1 28 9
9863 28 28 3
5767 28 28 3
13959 28 28 9
3719 28 28 3
11911 1 28 9
7815 26 28 9
12679 26 28 3
10631 26 27 3
6535 27 27 3
14727 26 28 9
9607 27 28 2
5511 26 26 3
13703 1 28 9
3463 26 26 3
11655 1 28 9
7559 26 26 9
9095 26 28 3
4999 26 26 2
13191 26 28 9
2951 27 27 3
11143 1 28 9
7047 26 28 9
1927 26 26 3
10119 1 28 9
6023 27 28 9
3975 26 26 9
14407 26 26 3
13383 26 28 3
11335 26 27 3
7239 26 26 3
15431 1 28 9
12871 26 28 2
10823 27 28 3
6727 27 27 3
14919 26 28 9
9799 27 27 3
5703 28 28 2
13895 27 28 9
3655 27 27 3
11847 1 28 9
7751 27 28 9
12615 26 28 3
10567 26 27 3
6471 26 26 3
14663 26 26 9
9543 26 27 2
5447 27 27 3
13639 27 27 9
3399 26 26 3
11591 1 28 9
7495 26 26 9
9031 26 27 3
4935 26 26 3
13127 26 28 9
2887 26 26 2
11079 26 28 9
6983 26 26 9
1863 27 27 3
10055 1 28 9
5959 27 27 9
3911 27 27 9
12487 26 28 3
10439 26 27 3
6343 26 26 3
14535 26 26 9
9415 26 27 3
5319 27 27 3
13511 26 28 9
3271 26 26 3
11463 1 27 9
7367 26 26 9
8903 26 27 3
4807 26 26 3
12999 26 28 9
2759 27 27 3
10951 1 28 9
6855 27 28 9
1735 27 27 2
9927 1 28 9
5831 26 28 9
3783 26 26 9
8647 26 26 3
4551 27 27 2
12743 26 28 9
2503 26 26 3
10695 26 26 9
6599 26 26 9
1479 26 26 2
9671 1 27 9
5575 26 26 9
3527 27 27 9
967 27 27 3
9159 1 28 9
5063 28 28 9
3015 27 27 9
1991 26 26 9
14375 27 27 3
13351 26 28 3
11303 26 27 3
7207 26 26 3
15399 26 28 9
12839 27 27 3
10791 26 26 3
6695 26 26 3
14887 26 26 9
9767 26 26 3
5671 26 26 3
13863 26 28 9
3623 26 26 2
11815 26 27 9
7719 26 28 9
12583 27 27 3
10535 26 28 3
6439 26 26 3
14631 26 26 9
9511 26 28 3
5415 27 27 3
13607 26 28 9
3367 27 27 2
11559 26 28 9
7463 26 26 9
8999 26 28 3
4903 26 26 3
13095 26 28 9
2855 26 26 3
11047 26 26 9
6951 26 26 9
1831 28 28 3
10023 1 28 9
5927 26 26 9
3879 26 26 9
12455 27 28 3
10407 26 28 2
6311 27 27 3
14503 27 27 9
9383 26 27 3
5287 26 26 3
13479 26 28 9
3239 26 26 3
11431 1 27 9
7335 26 26 9
8871 26 27 2
4775 26 26 3
12967 26 28 9
2727 26 26 2
10919 26 27 9
6823 28 28 9
1703 26 26 3
9895 1 28 9
5799 26 26 9
3751 26 26 9
8615 26 27 3
4519 27 27 3
12711 26 28 9
2471 26 26 3
10663 26 26 9
6567 26 26 9
1447 26 26 3
9639 1 28 9
5543 27 27 9
3495 27 27 9
935 26 26 3
9127 1 27 9
5031 26 28 9
2983 26 26 9
1959 26 26 9
12391 26 28 3
10343 26 28 3
6247 26 26 3
14439 26 26 9
9319 26 27 3
5223 26 26 3
13415 1 28 9
3175 27 27 3
11367 1 28 9
7271 26 26 9
8807 27 27 3
4711 26 26 2
12903 26 26 9
2663 27 27 3
10855 26 28 9
6759 27 27 9
1639 27 27 3
9831 1 28 9
5735 26 28 9
3687 26 26 9
8551 26 27 3
4455 26 26 3
12647 26 28 9
2407 26 26 2
10599 26 27 9
6503 26 26 9
1383 26 26 3
9575 1 27 9
5479 26 28 9
3431 26 26 9
871 27 27 3
9063 1 27 9
4967 26 28 9
2919 27 27 9
1895 26 26 9
8423 26 28 3
4327 26 26 3
12519 26 28 9
2279 26 26 3
10471 26 26 9
6375 26 26 9
1255 26 26 3
9447 1 27 9
5351 26 26 9
3303 26 26 9
743 27 27 3
8935 1 28 9
4839 26 28 9
2791 26 26 9
1767 26 26 9
487 26 26 3
8679 1 27 9
4583 26 28 9
2535 26 26 9
1511 27 27 9
999 26 26 9
14359 26 27 3
13335 26 28 3
11287 26 28 3
7191 26 26 2
15383 1 28 9
12823 26 28 3
10775 26 27 3
6679 26 26 3
14871 1 28 9
9751 26 27 3
5655 26 26 2
13847 26 28 9
3607 26 26 3
11799 26 27 9
7703 26 26 9
12567 26 28 3
10519 26 27 3
6423 26 26 3
14615 27 28 9
9495 26 27 3
5399 27 27 2
13591 26 26 9
3351 26 26 3
11543 1 28 9
7447 26 26 9
8983 26 27 2
4887 26 26 3
13079 26 28 9
2839 26 26 3
11031 26 27 9
6935 26 26 9
1815 26 26 3
10007 1 28 9
5911 27 27 9
3863 26 26 9
12439 26 28 3
10391 26 28 3
6295 27 27 3
14487 27 27 9
9367 26 27 2
5271 26 26 3
13463 1 28 9
3223 27 27 3
11415 1 28 9
7319 26 28 9
8855 26 27 3
4759 26 26 3
12951 26 28 9
2711 27 27 3
10903 26 26 9
6807 26 26 9
1687 28 28 3
9879 28 28 9
5783 26 26 9
3735 26 26 9
8599 26 27 3
4503 26 26 3
12695 26 28 9
2455 26 26 2
10647 26 27 9
6551 26 26 9
1431 26 26 3
9623 1 27 9
5527 27 27 9
3479 27 27 9
919 27 27 3
9111 1 27 9
5015 26 26 9
2967 27 27 9
1943 26 26 9
12375 26 28 3
10327 27 27 3
6231 26 26 3
14423 27 27 9
9303 26 27 3
5207 26 26 3
13399 1 28 9
3159 26 26 3
11351 1 27 9
7255 26 26 9
8791 27 28 3
4695 27 27 3
12887 26 28 9
2647 27 27 3
10839 27 27 9
6743 27 27 9
1623 26 26 2
9815 1 28 9
5719 27 28 9
3671 27 27 9
8535 26 27 3
4439 26 26 3
12631 26 28 9
2391 26 26 3
10583 26 28 9
6487 27 27 9
1367 27 27 3
9559 1 28 9
5463 26 26 9
3415 27 27 9
855 26 26 3
9047 1 27 9
4951 27 27 9
2903 26 26 9
1879 26 26 9
8407 27 28 3
4311 27 27 3
12503 26 28 9
2263 27 27 3
10455 28 28 9
6359 26 26 9
1239 28 28 2
9431 28 28 9
5335 28 28 9
3287 27 27 9
727 27 27 3
8919 1 28 9
4823 27 28 9
2775 27 27 9
1751 27 27 9
471 26 26 3
8663 1 27 9
4567 26 28 9
2519 26 26 9
1495 26 26 9
983 26 26 9
12343 27 28 3
10295 26 27 3
6199 26 26 3
14391 27 27 9
9271 26 27 3
5175 26 26 3
13367 1 28 9
3127 26 26 3
11319 1 27 9
7223 26 26 9
8759 26 27 3
4663 26 26 3
12855 1 28 9
2615 26 26 3
10807 1 27 9
6711 26 26 9
1591 26 26 3
9783 1 27 9
5687 26 28 9
3639 27 27 9
8503 27 28 3
4407 27 27 2
12599 26 28 9
2359 27 27 3
10551 27 27 9
6455 26 26 9
1335 27 27 3
9527 27 27 9
5431 27 27 9
3383 26 26 9
823 26 26 2
9015 1 27 9
4919 26 26 9
2871 26 26 9
1847 26 26 9
8375 27 27 2
4279 26 26 3
12471 26 28 9
2231 27 27 3
10423 26 27 9
6327 27 27 9
1207 26 26 3
9399 1 27 9
5303 26 26 9
3255 26 26 9
695 27 27 2
8887 1 28 9
4791 26 28 9
2743 27 27 9
1719 27 27 9
439 27 27 2
8631 1 28 9
4535 27 28 9
2487 26 26 9
1463 27 27 9
951 26 26 9
8311 26 28 3
4215 26 26 3
12407 26 28 9
2167 27 27 2
10359 27 28 9
6263 26 26 9
1143 26 26 3
9335 1 27 9
5239 26 26 9
3191 26 26 9
631 26 26 3
8823 1 28 9
4727 27 28 9
2679 26 26 9
1655 26 26 9
375 27 27 2
8567 1 28 9
4471 27 27 9
2423 26 26 9
1399 26 26 9
887 26 26 9
247 27 27 3
8439 1 28 9
4343 27 28 9
2295 27 27 9
1271 26 26 9
759 27 27 9
503 26 26 9
14351 26 28 3
13327 26 28 3
11279 26 28 3
7183 26 26 3
15375 26 28 9
12815 26 28 2
10767 26 27 2
6671 26 26 2
14863 26 27 9
9743 26 27 3
5647 26 26 3
13839 26 28 9
3599 26 26 2
11791 1 27 9
7695 27 28 9
12559 26 28 3
10511 26 28 3
6415 26 26 2
14607 26 28 9
9487 26 28 3
5391 27 27 2
13583 27 27 9
3343 26 26 3
11535 26 28 9
7439 27 27 9
8975 26 27 2
4879 26 26 2
13071 26 28 9
2831 27 27 3
11023 27 27 9
6927 27 27 9
1807 27 27 3
9999 1 27 9
5903 27 27 9
3855 27 27 9
12431 27 28 2
10383 26 27 2
6287 26 26 2
14479 27 27 9
9359 27 27 3
5263 27 27 2
13455 1 28 9
3215 28 28 2
11407 28 28 9
7311 27 27 9
8847 26 27 3
4751 26 26 3
12943 26 28 9
2703 26 26 3
10895 26 26 9
6799 27 27 9
1679 26 26 2
9871 1 28 9
5775 27 27 9
3727 27 27 9
8591 27 27 2
4495 26 26 3
12687 26 28 9
2447 26 26 3
10639 27 27 9
6543 26 26 9
1423 26 26 3
9615 1 28 9
5519 27 27 9
3471 26 26 9
911 28 28 3
9103 1 28 9
5007 28 28 9
2959 26 26 9
1935 26 26 9
12367 26 28 3
10319 26 27 2
6223 26 26 2
14415 26 28 9
9295 28 28 2
5199 28 28 3
13391 1 28 9
3151 28 28 3
11343 1 28 9
7247 28 28 9
8783 26 26 3
4687 27 27 2
12879 1 28 9
2639 27 27 2
10831 1 28 9
6735 27 28 9
1615 27 27 3
9807 1 28 9
5711 26 28 9
3663 27 27 9
8527 27 27 3
4431 27 27 2
12623 1 28 9
2383 26 26 3
10575 1 28 9
6479 26 26 9
1359 26 26 2
9551 1 27 9
5455 26 26 9
3407 27 27 9
847 26 26 3
9039 1 27 9
4943 27 28 9
2895 27 27 9
1871 26 26 9
8399 26 27 3
4303 27 27 2
12495 26 28 9
2255 26 26 2
10447 26 27 9
6351 27 27 9
1231 26 26 3
9423 1 28 9
5327 27 27 9
3279 27 27 9
719 26 26 2
8911 1 27 9
4815 26 26 9
2767 26 26 9
1743 26 26 9
463 27 27 2
8655 1 28 9
4559 26 28 9
2511 26 26 9
1487 27 27 9
975 26 26 9
12335 26 26 2
10287 26 27 3
6191 27 27 2
14383 26 26 9
9263 26 27 2
5167 26 26 2
13359 26 26 9
3119 26 26 3
11311 1 28 9
7215 26 26 9
8751 26 27 3
4655 26 26 3
12847 26 28 9
2607 26 26 3
10799 27 28 9
6703 26 26 9
1583 26 26 2
9775 1 28 9
5679 26 26 9
3631 26 26 9
8495 27 27 3
4399 27 27 3
12591 27 28 9
2351 26 26 2
10543 26 26 9
6447 26 26 9
1327 26 26 3
9519 1 27 9
5423 26 28 9
3375 26 26 9
815 26 26 2
9007 1 28 9
4911 26 26 9
2863 26 26 9
1839 26 26 9
8367 26 27 2
4271 26 26 2
12463 1 28 9
2223 26 26 2
10415 1 27 9
6319 26 26 9
1199 27 27 2
9391 1 27 9
5295 26 28 9
3247 27 27 9
687 26 26 3
8879 1 27 9
4783 27 27 9
2735 26 26 9
1711 26 26 9
431 27 27 2
8623 1 28 9
4527 26 26 9
2479 28 28 9
1455 27 27 9
943 26 26 9
8303 26 27 2
4207 26 26 3
12399 26 28 9
2159 26 26 3
10351 27 27 9
6255 26 26 9
1135 26 26 2
9327 1 27 9
5231 26 26 9
3183 26 26 9
623 27 27 3
8815 1 28 9
4719 26 26 9
2671 26 26 9
1647 26 26 9
367 26 26 3
8559 1 28 9
4463 26 28 9
2415 26 26 9
1391 27 27 9
879 27 27 9
239 27 27 2
8431 1 27 9
4335 27 27 9
2287 26 26 9
1263 27 27 9
751 27 27 9
495 27 27 9
12319 26 27 2
10271 27 27 3
6175 27 27 3
14367 27 27 9
9247 26 27 3
5151 26 26 2
13343 1 28 9
3103 26 26 3
11295 1 27 9
7199 26 26 9
8735 26 27 3
4639 27 27 3
12831 1 28 9
2591 27 27 3
10783 1 28 9
6687 26 28 9
1567 26 26 3
9759 1 28 9
5663 27 28 9
3615 26 26 9
8479 26 27 3
4383 26 26 2
12575 26 28 9
2335 26 26 2
10527 26 26 9
6431 26 26 9
1311 26 26 2
9503 1 27 9
5407 26 28 9
3359 26 26 9
799 26 26 2
8991 1 28 9
4895 26 28 9
2847 27 27 9
1823 26 26 9
8351 26 27 2
4255 26 26 2
12447 26 28 9
2207 27 27 2
10399 26 27 9
6303 27 27 9
1183 27 27 2
9375 1 27 9
5279 27 27 9
3231 26 26 9
671 26 26 2
8863 1 27 9
4767 26 26 9
2719 26 26 9
1695 26 26 9
415 26 26 2
8607 1 28 9
4511 27 28 9
2463 27 27 9
1439 26 26 9
927 26 26 9
8287 26 27 3
4191 26 26 3
12383 1 28 9
2143 26 26 3
10335 26 28 9
6239 26 26 9
1119 26 26 3
9311 1 27 9
5215 27 27 9
3167 26 26 9
607 27 27 2
8799 1 28 9
4703 28 28 9
2655 26 26 9
1631 26 26 9
351 26 26 2
8543 1 27 9
4447 26 26 9
2399 26 26 9
1375 26 26 9
863 26 26 9
223 26 26 2
8415 26 27 9
4319 26 28 9
2271 26 26 9
1247 26 26 9
735 27 27 9
479 26 26 9
8255 26 26 2
4159 26 26 2
12351 26 28 9
2111 26 26 2
10303 26 27 9
6207 26 26 9
1087 26 26 2
9279 27 27 9
5183 27 27 9
3135 27 27 9
575 26 26 2
8767 1 28 9
4671 26 28 9
2623 26 26 9
1599 27 27 9
319 26 26 2
8511 26 27 9
4415 26 26 9
2367 26 26 9
1343 26 26 9
831 26 26 9
191 26 26 2
8383 26 27 9
4287 26 28 9
2239 26 26 9
1215 26 26 9
703 26 26 9
447 27 27 9
127 26 26 2
8319 26 27 9
4223 26 28 9
2175 26 26 9
1151 26 26 9
639 26 26 9
383 26 26 9
255 26 26 9
13494 26 28 9
9942 1 27 9
6582 27 27 9
10966 1 28 9
13014 1 28 9
9174 28 28 9
11478 1 28 9
13526 1 28 9
14550 1 27 9
13622 26 28 9
3894 26 26 9
10070 1 27 9
6838 26 26 9
6870 26 26 9
6966 26 26 9
13142 26 28 9
7382 26 26 9
10710 26 28 9
11094 27 27 9
5078 27 28 9
6998 26 26 9
13654 26 28 9
14902 26 28 9
15446 1 27 9
11606 26 27 9
12758 26 28 9
10134 1 28 9
5974 26 28 9
5590 27 27 9
3030 26 26 9
13910 27 28 9
11670 1 28 9
7510 27 28 9
3542 26 26 9
7766 26 28 9
6614 26 26 9
2006 26 26 9
6038 27 28 9
15510 1 27 9
5846 27 27 9
14934 26 26 9
13718 27 28 9
13206 26 28 9
15638 1 27 9
14102 26 28 9
3798 26 26 9
13974 26 28 9
3926 27 27 9
9190 1 28 9
11926 26 28 9
14678 26 27 9
9702 1 28 9
11862 26 28 9
14742 26 28 9
7958 26 28 9
7574 27 28 9
7830 26 28 9
9958 1 27 9
15126 27 27 9
10982 1 28 9
13030 1 28 9
15894 26 28 9
11494 1 28 9
13542 1 28 9
2022 26 26 9
5606 26 28 9
3990 27 27 9
10086 1 27 9
11158 27 27 9
12774 26 28 9
3814 26 26 9
14998 27 27 9
7398 26 28 9
12054 26 27 9
13158 26 28 9
3942 26 26 9
5990 26 26 9
13926 1 28 9
5862 26 28 9
5094 26 28 9
6886 26 28 9
14566 26 27 9
10150 1 28 9
11878 26 27 9
13670 26 28 9
14950 27 27 9
3558 27 27 9
11686 1 28 9
13734 1 28 9
7526 26 26 9
7062 26 26 9
15462 28 28 9
11622 26 28 9
10726 27 27 9
7014 26 26 9
11110 26 26 9
7782 26 28 9
6630 26 26 9
11174 27 27 9
15654 1 27 9
7846 26 28 9
7590 27 27 9
14758 26 28 9
10182 1 28 9
14118 26 28 9
11206 1 28 9
13222 27 27 9
15910 28 28 9
11718 1 27 9
6086 27 28 9
15526 27 28 9
3046 26 26 9
11974 1 28 9
4038 27 27 9
7622 26 26 9
15558 1 28 9
13254 26 28 9
13766 26 28 9
7078 27 27 9
4006 27 27 9
15686 1 28 9
13990 27 28 9
15046 26 28 9
12166 1 27 9
14214 1 28 9
14790 26 26 9
14694 26 26 9
12070 26 26 9
7974 26 26 9
15014 26 26 9
6054 27 27 9
15942 26 28 9
11942 26 28 9
7110 26 28 9
15750 26 27 9
15238 26 26 9
12102 26 28 9
8954 1 27 9
15142 26 26 9
8006 26 26 9
9466 1 28 9
14150 27 27 9
7878 27 28 9
16134 26 28 9
8698 28 28 9
2810 26 26 9
4858 26 28 9
9082 1 27 9
14022 27 28 9
1018 26 26 9
9594 1 27 9
4986 26 28 9
10490 26 26 9
1530 26 26 9
8070 26 26 9
6394 27 27 9
9850 1 28 9
11386 1 28 9
4602 26 28 9
12666 26 28 9
15174 27 27 9
3450 26 26 9
2554 26 26 9
9146 1 28 9
12538 26 28 9
10618 26 26 9
9658 1 28 9
1786 26 26 9
6778 27 27 9
5050 26 28 9
13434 28 28 9
10874 26 28 9
12730 26 28 9
1914 26 26 9
10938 1 28 9
3322 27 27 9
1978 26 26 9
11450 1 28 9
13498 1 28 9
5754 26 28 9
14458 27 27 9
12922 26 28 9
10042 1 27 9
14522 26 28 9
6586 26 26 9
3770 26 26 9
16006 26 26 9
6842 27 27 9
12986 27 28 9
9914 27 28 9
6522 27 27 9
5818 27 28 9
13626 1 28 9
5370 26 26 9
13114 26 28 9
11834 1 27 9
3002 26 26 9
14906 1 27 9
15418 1 28 9
3706 27 27 9
7290 27 28 9
5498 27 27 9
9178 1 28 9
2938 26 26 9
3514 26 26 9
9690 1 28 9
5562 26 26 9
7482 26 28 9
14650 26 27 9
11066 26 26 9
5946 26 28 9
9946 1 27 9
13882 26 28 9
10970 1 28 9
10682 26 26 9
5082 26 28 9
11482 1 28 9
13530 1 28 9
7354 28 28 9
5850 26 28 9
10074 1 27 9
12762 26 28 9
3898 26 26 9
13658 1 28 9
11610 26 27 9
13018 27 28 9
11866 1 27 9
13914 1 28 9
14938 1 28 9
15450 1 27 9
14554 26 28 9
3802 26 26 9
10138 1 28 9
5978 26 28 9
11578 27 28 9
7770 26 28 9
13146 26 28 9
11674 1 27 9
13722 1 27 9
3034 26 26 9
14682 27 27 9
11098 26 26 9
13978 1 28 9
6874 28 28 9
15514 1 28 9
7002 26 26 9
2010 26 26 9
7514 26 26 9
3930 27 27 9
15642 1 28 9
7066 26 26 9
6042 27 27 9
6618 26 26 9
11162 26 26 9
9194 1 27 9
10714 26 26 9
14746 26 27 9
9706 1 27 9
15002 27 27 9
7578 26 26 9
13210 26 28 9
15898 26 28 9
12058 26 28 9
9962 1 28 9
7386 27 27 9
10986 1 28 9
13034 1 28 9
5610 26 28 9
11498 1 27 9
13546 1 27 9
15130 26 28 9
11930 26 27 9
6970 26 26 9
10090 1 27 9
7738 26 26 9
12778 26 28 9
3546 26 26 9
3050 26 26 9
2026 26 26 9
5594 26 26 9
3562 27 27 9
5098 26 28 9
11882 1 28 9
13930 1 28 9
13674 26 28 9
15466 1 27 9
11626 26 27 9
5866 26 28 9
10154 1 27 9
3994 26 26 9
7834 26 28 9
6058 26 28 9
13162 26 28 9
11690 1 28 9
13738 1 27 9
4010 26 26 9
14762 26 28 9
13226 26 28 9
13994 1 28 9
6890 27 27 9
15530 1 28 9
10730 27 27 9
7786 26 28 9
6634 27 27 9
11178 26 27 9
15658 1 27 9
11946 26 27 9
14954 26 27 9
7594 26 26 9
10186 1 27 9
5994 27 28 9
7850 26 26 9
3946 26 26 9
3818 26 26 9
7962 27 27 9
7402 26 28 9
14106 26 26 9
14122 26 28 9
11114 26 27 9
15146 26 28 9
15050 1 28 9
7082 26 26 9
7530 26 28 9
15018 26 26 9
12074 26 27 9
13258 26 28 9
11210 26 28 9
7114 26 28 9
15914 26 28 9
12170 1 27 9
14570 27 27 9
15690 26 27 9
11978 27 27 9
4042 26 26 9
7978 26 26 9
15178 26 27 9
15562 27 28 9
16010 26 28 9
9202 1 27 9
14794 26 27 9
13770 26 28 9
9714 1 28 9
15754 26 27 9
11722 26 27 9
16138 26 28 9
7018 26 26 9
14218 26 27 9
9970 1 28 9
7626 26 26 9
14698 26 26 9
6090 26 28 9
8074 26 26 9
11506 1 27 9
15242 26 27 9
5106 28 28 9
14154 27 28 9
14026 27 28 9
10098 1 28 9
8010 26 26 9
3570 27 27 9
15946 27 28 9
13554 26 27 9
11634 1 27 9
13170 26 28 9
10738 26 26 9
2034 26 26 9
3826 26 26 9
12786 26 28 9
7882 27 27 9
3058 27 27 9
13938 26 28 9
11122 26 27 9
10162 1 28 9
12106 26 26 9
5874 26 28 9
7410 27 28 9
13042 27 28 9
11698 1 27 9
13746 1 28 9
10994 26 26 9
3954 26 26 9
6002 26 28 9
6642 26 26 9
5618 26 26 9
15538 1 27 9
15474 27 28 9
13682 26 28 9
6898 26 26 9
14130 26 28 9
15666 1 28 9
14578 26 26 9
7538 26 28 9
11890 28 28 9
10194 1 27 9
15154 27 28 9
4018 26 26 9
7090 26 26 9
14002 27 28 9
11730 1 28 9
13778 1 28 9
11186 27 28 9
15026 26 27 9
12082 26 28 9
11218 26 28 9
13266 26 28 9
14962 26 26 9
7122 26 28 9
6098 27 28 9
7026 27 27 9
7602 26 26 9
11954 28 28 9
7858 28 28 9
14034 26 28 9
12178 1 28 9
15570 26 28 9
12114 26 28 9
15762 1 28 9
14162 26 28 9
14802 26 27 9
15058 27 28 9
7986 26 26 9
10210 1 28 9
15698 26 28 9
4050 28 28 9
14770 26 26 9
15186 26 27 9
8018 26 28 9
15250 26 27 9
13234 27 27 9
11986 26 26 9
7634 26 26 9
7794 28 28 9
15922 26 28 9
15586 1 27 9
14706 26 26 9
15954 26 26 9
16018 27 27 9
6114 26 28 9
16146 26 28 9
6066 26 26 9
8082 26 26 9
12194 1 28 9
15074 27 28 9
13282 26 28 9
15778 1 27 9
7890 26 26 9
14178 26 28 9
15266 26 27 9
13794 28 28 9
14274 1 28 9
14050 26 28 9
15810 1 28 9
14226 26 26 9
8034 26 26 9
12130 26 26 9
16034 26 28 9
15970 26 28 9
12226 28 28 9
12002 26 28 9
8700 1 27 9
14242 26 28 9
8098 26 26 9
15714 26 28 9
8956 1 28 9
4066 26 26 9
16258 27 27 9
4604 26 28 9
16162 26 28 9
14818 27 27 9
1020 26 26 9
12540 26 28 9
11234 27 27 9
8130 27 28 9
9084 1 28 9
9468 28 28 9
7138 26 26 9
9596 1 27 9
15202 26 26 9
16194 26 27 9
4860 26 28 9
6396 26 26 9
16066 26 28 9
9852 1 27 9
5500 27 28 9
10876 1 28 9
1916 27 27 9
5756 26 28 9
11388 1 27 9
13436 1 28 9
2812 26 26 9
12924 26 28 9
3324 26 26 9
2556 26 26 9
3708 26 26 9
7906 26 28 9
1532 26 26 9
9660 1 28 9
1788 26 26 9
2940 27 27 9
7292 26 26 9
6780 26 28 9
15298 26 26 9
7650 27 27 9
14460 26 26 9
9148 28 28 9
3452 27 27 9
4988 27 28 9
11452 1 27 9
13500 1 27 9
5372 26 26 9
10620 27 27 9
12668 26 28 9
10044 1 27 9
11746 27 27 9
12732 26 28 9
5052 27 28 9
10940 26 27 9
3004 27 27 9
13628 1 28 9
3516 26 26 9
1980 27 27 9
11836 1 28 9
7740 26 28 9
11580 26 27 9
15420 1 28 9
5948 26 28 9
3772 27 27 9
6524 27 27 9
9180 1 28 9
14652 26 28 9
10684 26 28 9
9692 1 27 9
10492 27 27 9
13884 26 28 9
12764 1 28 9
9916 28 28 9
5084 26 28 9
9948 1 28 9
13116 27 28 9
5820 27 28 9
14908 26 28 9
14524 26 27 9
11484 1 28 9
13532 1 28 9
7356 26 26 9
3900 26 26 9
13020 26 28 9
10972 26 27 9
10076 1 27 9
12988 26 28 9
6588 26 26 9
2012 26 26 9
5596 27 27 9
3036 26 26 9
7484 26 26 9
6876 26 28 9
3804 26 26 9
7388 27 27 9
6972 26 26 9
14556 26 27 9
3932 26 26 9
5980 26 28 9
5564 26 28 9
6844 26 28 9
7004 26 26 9
13148 1 28 9
11100 27 27 9
11068 26 26 9
13660 1 28 9
10716 26 26 9
7516 27 27 9
11612 27 27 9
13916 26 28 9
11868 26 27 9
7772 26 28 9
14684 27 27 9
3548 26 26 9
15452 1 28 9
14940 26 28 9
6620 27 27 9
5852 26 28 9
10140 26 27 9
3996 26 26 9
13212 1 28 9
6044 26 26 9
11676 1 27 9
13724 1 28 9
11164 26 27 9
7068 26 26 9
11932 1 27 9
13980 26 28 9
