31 2 255 10
31 3 255 10
31 4 255 10
31 5 255 10
31 6 255 10
31 7 255 10
31 8 255 10
31 9 255 10
31 10 255 10
31 11 255 10
31 12 255 10
31 13 255 10
31 14 255 10
31 15 255 10
31 16 255 10
31 17 255 10
31 18 255 10
31 18 18 10
47 18 18 10
79 17 17 10
143 17 17 10
271 17 17 10
527 18 18 10
55 18 18 10
87 18 18 10
151 18 18 10
279 18 18 10
535 18 18 10
103 17 17 10
167 17 17 10
295 17 17 10
551 17 18 10
199 18 18 10
327 17 17 10
583 18 18 10
391 17 17 10
647 17 18 10
775 17 17 10
59 18 18 10
91 17 17 10
155 17 17 10
283 18 18 10
539 18 18 10
107 18 18 10
171 17 17 10
299 17 17 10
555 17 17 10
203 18 18 10
331 17 17 10
587 17 17 10
395 17 17 10
651 17 17 10
779 18 18 10
115 17 17 10
179 17 17 10
307 17 17 10
563 17 18 10
211 17 17 10
339 18 18 10
595 17 18 10
403 17 17 10
659 17 18 10
787 18 18 10
227 17 17 10
355 18 18 10
611 17 17 10
419 18 18 10
675 17 18 10
803 18 18 10
451 17 17 10
707 17 18 10
835 17 17 10
899 17 18 10
61 17 17 10
93 17 17 10
157 18 18 10
285 18 18 10
541 17 17 10
109 17 17 10
173 18 18 10
301 17 17 10
557 17 18 10
205 18 18 10
333 18 18 10
589 17 18 10
397 17 17 10
653 17 17 10
781 18 18 10
117 18 18 10
181 17 17 10
309 17 17 10
565 17 17 10
213 17 17 10
341 17 17 10
597 18 18 10
405 17 17 10
661 17 18 10
789 17 18 10
229 17 17 10
357 17 17 10
613 17 17 10
421 17 17 10
677 17 18 10
805 17 18 10
453 18 18 10
709 17 18 10
837 17 18 10
901 18 18 10
121 17 17 10
185 17 17 10
313 17 17 10
569 17 18 10
217 17 17 10
345 18 18 10
601 17 18 10
409 17 17 10
665 17 18 10
793 17 17 10
233 18 18 10
361 17 17 10
617 17 18 10
425 18 18 10
681 17 17 10
809 17 17 10
457 17 17 10
713 17 18 10
841 17 17 10
905 17 17 10
241 18 18 10
369 18 18 10
625 17 18 10
433 18 18 10
689 17 17 10
817 18 18 10
465 17 17 10
721 18 18 10
849 17 17 10
913 18 18 10
481 17 17 10
737 17 18 10
865 17 17 10
929 17 18 10
961 17 17 10
62 17 17 10
94 17 17 10
158 17 17 10
286 17 17 10
542 17 18 10
110 18 18 10
174 17 17 10
302 17 17 10
558 17 18 10
206 17 17 10
334 17 17 10
590 18 18 10
398 17 17 10
654 18 18 10
782 17 18 10
118 18 18 10
182 18 18 10
310 17 17 10
566 17 18 10
214 17 17 10
342 17 17 10
598 17 17 10
406 18 18 10
662 17 18 10
790 17 17 10
230 17 17 10
358 17 17 10
614 18 18 10
422 17 17 10
678 17 17 10
806 17 17 10
454 18 18 10
710 17 18 10
838 17 18 10
902 18 18 10
122 17 17 10
186 18 18 10
314 17 17 10
570 17 17 10
218 17 17 10
346 17 17 10
602 17 18 10
410 18 18 10
666 17 18 10
794 17 18 10
234 17 17 10
362 18 18 10
618 18 18 10
426 17 17 10
682 17 18 10
810 17 17 10
458 17 17 10
714 17 18 10
842 17 17 10
906 17 17 10
242 17 17 10
370 18 18 10
626 18 18 10
434 17 17 10
690 17 18 10
818 17 18 10
466 17 17 10
722 17 18 10
850 17 17 10
914 17 17 10
482 18 18 10
738 17 17 10
866 17 17 10
930 17 17 10
962 17 17 10
124 17 17 10
188 18 18 10
316 17 17 10
572 17 18 10
220 18 18 10
348 18 18 10
604 17 18 10
412 17 17 10
668 17 18 10
796 18 18 10
236 17 17 10
364 17 17 10
620 17 18 10
428 17 17 10
684 17 17 10
812 17 17 10
460 17 17 10
716 17 18 10
844 17 17 10
908 17 18 10
244 18 18 10
372 17 17 10
628 17 17 10
436 17 17 10
692 18 18 10
820 17 17 10
468 17 17 10
724 18 18 10
852 18 18 10
916 18 18 10
484 18 18 10
740 17 18 10
868 17 17 10
932 17 18 10
964 17 18 10
248 18 18 10
376 18 18 10
632 18 18 10
440 18 18 10
696 18 18 10
824 17 17 10
472 17 17 10
728 17 17 10
856 17 18 10
920 17 17 10
488 17 17 10
744 17 18 10
872 17 17 10
936 18 18 10
968 18 18 10
496 18 18 10
752 18 18 10
880 17 17 10
944 17 18 10
976 17 17 10
992 17 18 10
63 17 17 10
95 17 17 10
159 17 17 10
287 17 17 10
543 1 18 10
111 18 18 10
175 17 17 10
303 17 17 10
559 1 18 10
207 17 17 10
335 17 17 10
591 1 18 10
399 17 17 10
655 1 18 10
783 17 17 10
119 17 17 10
183 17 17 10
311 17 17 10
567 17 17 10
215 18 18 10
343 17 17 10
599 1 18 10
407 17 17 10
663 1 18 10
791 18 18 10
231 17 17 10
359 17 17 10
615 1 18 10
423 17 17 10
679 1 18 10
807 17 17 10
455 18 18 10
711 1 18 10
839 17 17 10
903 17 18 10
123 17 17 10
187 18 18 10
315 17 17 10
571 17 18 10
219 18 18 10
347 17 17 10
603 17 18 10
411 17 17 10
667 1 18 10
795 17 18 10
235 17 17 10
363 18 18 10
619 17 18 10
427 18 18 10
683 1 18 10
811 18 18 10
459 17 17 10
715 18 18 10
843 17 17 10
907 17 18 10
243 17 17 10
371 18 18 10
627 1 18 10
435 17 17 10
691 1 18 10
819 17 17 10
467 18 18 10
723 1 18 10
851 18 18 10
915 1 18 10
483 17 17 10
739 18 18 10
867 17 17 10
931 17 18 10
963 17 17 10
125 17 17 10
189 17 17 10
317 17 17 10
573 17 18 10
221 17 17 10
349 18 18 10
605 17 17 10
413 18 18 10
669 1 18 10
797 17 18 10
237 18 18 10
365 17 17 10
621 18 18 10
429 17 17 10
685 1 18 10
813 18 18 10
461 18 18 10
717 17 18 10
845 17 17 10
909 17 17 10
245 18 18 10
373 17 17 10
629 18 18 10
437 17 17 10
693 17 17 10
821 17 17 10
469 17 17 10
725 17 18 10
853 17 17 10
917 17 18 10
485 18 18 10
741 1 18 10
869 18 18 10
933 1 18 10
965 18 18 10
249 17 17 10
377 17 17 10
633 1 18 10
441 18 18 10
697 18 18 10
825 18 18 10
473 17 17 10
729 1 18 10
857 18 18 10
921 17 18 10
489 18 18 10
745 17 18 10
873 17 17 10
937 18 18 10
969 17 18 10
497 18 18 10
753 18 18 10
881 17 18 10
945 1 18 10
977 18 18 10
993 1 18 10
126 17 17 10
190 17 17 10
318 18 18 10
574 1 18 10
222 17 17 10
350 18 18 10
606 17 18 10
414 17 17 10
670 18 18 10
798 18 18 10
238 17 17 10
366 17 17 10
622 17 18 10
430 17 17 10
686 18 18 10
814 17 18 10
462 18 18 10
718 17 18 10
846 17 17 10
910 17 17 10
246 17 17 10
374 17 17 10
630 17 18 10
438 17 17 10
694 1 18 10
822 18 18 10
470 18 18 10
726 1 18 10
854 17 18 10
918 17 18 10
486 18 18 10
742 17 18 10
870 18 18 10
934 1 18 10
966 17 18 10
250 17 17 10
378 17 17 10
634 17 17 10
442 18 18 10
698 1 18 10
826 18 18 10
474 17 17 10
730 18 18 10
858 17 18 10
922 16 18 10
490 17 17 10
746 1 18 10
874 17 17 10
938 17 18 10
970 17 17 10
498 18 18 10
754 17 17 10
882 18 18 10
946 18 18 10
978 18 18 10
994 18 18 10
252 17 17 10
380 17 17 10
636 17 18 10
444 17 17 10
700 18 18 10
828 17 17 10
476 17 17 10
732 17 17 10
860 18 18 10
924 17 18 10
492 17 17 10
748 1 18 10
876 17 18 10
940 18 18 10
972 17 18 10
500 17 17 10
756 17 18 10
884 17 17 10
948 1 18 10
980 17 17 10
996 18 18 10
504 17 17 10
760 17 17 10
888 18 18 10
952 17 18 10
984 17 17 10
1000 17 18 10
1008 17 17 10
15 17 17 10
23 18 18 10
39 17 18 10
71 18 18 10
135 17 18 10
263 17 17 10
519 17 18 10
27 17 17 10
43 17 17 10
75 18 18 10
139 17 17 10
267 17 17 10
523 17 17 10
51 17 18 10
83 18 18 10
147 17 18 10
275 17 17 10
531 17 17 10
99 17 17 10
163 17 18 10
291 17 17 10
547 18 18 10
195 17 18 10
323 18 18 10
579 17 17 10
387 17 18 10
643 17 18 10
771 17 17 10
29 18 18 10
45 17 18 10
77 17 18 10
141 17 17 10
269 17 17 10
525 17 18 10
53 18 18 10
85 18 18 10
149 18 18 10
277 18 18 10
533 17 18 10
101 17 17 10
165 17 18 10
293 17 18 10
549 17 17 10
197 17 18 10
325 18 18 10
581 17 18 10
389 18 18 10
645 17 18 10
773 18 18 10
57 17 18 10
89 17 18 10
153 17 18 10
281 17 17 10
537 17 17 10
105 17 18 10
169 17 17 10
297 18 18 10
553 17 17 10
201 17 18 10
329 17 17 10
585 17 17 10
393 18 18 10
649 18 18 10
777 17 18 10
113 17 18 10
177 18 18 10
305 17 18 10
561 18 18 10
209 18 18 10
337 17 17 10
593 17 17 10
401 17 17 10
657 17 18 10
785 17 17 10
225 17 18 10
353 17 17 10
609 17 17 10
417 17 18 10
673 17 17 10
801 17 18 10
449 17 17 10
705 17 17 10
833 17 17 10
897 17 18 10
30 17 18 10
46 17 18 10
78 17 17 10
142 18 18 10
270 17 18 10
526 18 18 10
54 17 18 10
86 17 17 10
150 18 18 10
278 17 17 10
534 18 18 10
102 17 17 10
166 18 18 10
294 17 17 10
550 17 17 10
198 17 18 10
326 17 18 10
582 17 18 10
390 18 18 10
646 17 18 10
774 17 17 10
58 17 17 10
90 17 18 10
154 17 18 10
282 17 18 10
538 18 18 10
106 17 18 10
170 17 18 10
298 18 18 10
554 17 17 10
202 17 18 10
330 17 17 10
586 18 18 10
394 18 18 10
650 17 17 10
778 17 17 10
114 17 18 10
178 17 18 10
306 18 18 10
562 17 18 10
210 17 18 10
338 17 17 10
594 17 17 10
402 17 17 10
658 17 17 10
786 17 18 10
226 17 17 10
354 17 17 10
610 18 18 10
418 17 17 10
674 17 17 10
802 17 17 10
450 18 18 10
706 17 17 10
834 17 17 10
898 17 17 10
60 17 18 10
92 18 18 10
156 17 18 10
284 17 17 10
540 17 17 10
108 17 18 10
172 17 17 10
300 17 17 10
556 18 18 10
204 17 18 10
332 17 17 10
588 17 17 10
396 17 18 10
652 17 18 10
780 17 18 10
116 17 17 10
180 17 18 10
308 17 17 10
564 17 17 10
212 18 18 10
340 17 18 10
596 17 18 10
404 17 18 10
660 17 17 10
788 17 18 10
228 17 18 10
356 17 17 10
612 17 17 10
420 17 18 10
676 17 18 10
804 17 18 10
452 18 18 10
708 18 18 10
836 18 18 10
900 17 17 10
120 17 17 10
184 18 18 10
312 17 17 10
568 17 17 10
216 18 18 10
344 17 18 10
600 18 18 10
408 17 17 10
664 17 17 10
792 17 17 10
232 17 18 10
360 18 18 10
616 17 17 10
424 17 18 10
680 17 18 10
808 17 18 10
456 17 17 10
712 18 18 10
840 18 18 10
904 17 18 10
240 17 18 10
368 17 17 10
624 17 17 10
432 17 18 10
688 17 18 10
816 17 18 10
464 17 17 10
720 17 17 10
848 17 18 10
912 17 17 10
480 17 18 10
736 17 18 10
864 17 18 10
928 17 18 10
960 17 17 10
127 17 17 10
191 17 17 10
319 17 17 10
575 1 18 10
223 18 18 10
351 17 17 10
607 18 18 10
415 17 17 10
671 18 18 10
799 17 17 10
239 17 17 10
367 17 17 10
623 17 18 10
431 17 17 10
687 17 18 10
815 18 18 10
463 17 17 10
719 1 18 10
847 17 17 10
911 17 18 10
247 17 17 10
375 17 17 10
631 1 18 10
439 17 17 10
695 1 18 10
823 18 18 10
471 17 17 10
727 1 18 10
855 18 18 10
919 18 18 10
487 17 17 10
743 18 18 10
871 17 17 10
935 1 18 10
967 17 18 10
251 17 17 10
379 18 18 10
635 18 18 10
443 17 17 10
699 1 18 10
827 17 17 10
475 18 18 10
731 1 18 10
859 18 18 10
923 18 18 10
491 17 17 10
747 17 18 10
875 18 18 10
939 18 18 10
971 17 17 10
499 17 17 10
755 17 18 10
883 17 17 10
947 17 18 10
979 18 18 10
995 17 17 10
253 17 17 10
381 17 17 10
637 1 18 10
445 17 17 10
701 17 18 10
829 17 18 10
477 18 18 10
733 17 18 10
861 17 17 10
925 17 18 10
493 17 17 10
749 17 18 10
877 17 17 10
941 17 17 10
973 17 17 10
501 18 18 10
757 1 18 10
885 17 17 10
949 17 18 10
981 17 17 10
997 18 18 10
505 17 17 10
761 17 18 10
889 17 18 10
953 18 18 10
985 18 18 10
1001 18 18 10
1009 18 18 10
254 17 17 10
382 17 17 10
638 1 18 10
446 17 17 10
702 1 18 10
830 17 17 10
478 17 17 10
734 1 18 10
862 18 18 10
926 18 18 10
494 17 17 10
750 17 18 10
878 17 18 10
942 17 18 10
974 17 17 10
502 18 18 10
758 1 18 10
886 17 17 10
950 17 18 10
982 18 18 10
998 17 18 10
506 17 17 10
762 17 18 10
890 18 18 10
954 1 18 10
986 17 17 10
1002 16 18 10
1010 17 17 10
508 18 18 10
764 18 18 10
892 17 18 10
956 18 18 10
988 18 18 10
1004 17 18 10
1012 17 17 10
1016 17 18 10
7 17 18 10
11 17 17 10
19 17 17 10
35 17 17 10
67 18 18 10
131 17 18 10
259 17 17 10
515 17 17 10
13 17 18 10
21 17 18 10
37 18 18 10
69 17 18 10
133 17 18 10
261 17 18 10
517 17 18 10
25 17 17 10
41 18 18 10
73 18 18 10
137 17 18 10
265 17 18 10
521 17 18 10
49 18 18 10
81 17 17 10
145 17 18 10
273 17 17 10
529 17 18 10
97 17 17 10
161 18 18 10
289 17 18 10
545 17 17 10
193 17 17 10
321 17 17 10
577 17 17 10
385 17 18 10
641 17 18 10
769 17 18 10
14 18 18 10
22 17 17 10
38 17 17 10
70 17 18 10
134 17 18 10
262 18 18 10
518 17 17 10
26 17 17 10
42 17 17 10
74 17 17 10
138 18 18 10
266 17 17 10
522 17 17 10
50 17 18 10
82 17 17 10
146 17 17 10
274 17 18 10
530 17 17 10
98 17 17 10
162 18 18 10
290 17 17 10
546 18 18 10
194 17 17 10
322 17 17 10
578 17 17 10
386 17 17 10
642 18 18 10
770 18 18 10
28 18 18 10
44 17 17 10
76 17 17 10
140 17 18 10
268 17 18 10
524 18 18 10
52 17 17 10
84 18 18 10
148 17 17 10
276 17 18 10
532 17 17 10
100 17 17 10
164 17 18 10
292 17 18 10
548 17 17 10
196 17 17 10
324 17 17 10
580 17 17 10
388 17 17 10
644 17 17 10
772 17 17 10
56 17 17 10
88 17 17 10
152 17 17 10
280 17 17 10
536 17 17 10
104 17 17 10
168 17 18 10
296 17 18 10
552 17 18 10
200 17 18 10
328 17 17 10
584 17 17 10
392 17 18 10
648 17 18 10
776 17 17 10
112 17 17 10
176 17 18 10
304 17 18 10
560 17 18 10
208 17 17 10
336 17 18 10
592 17 17 10
400 17 17 10
656 17 17 10
784 17 18 10
224 17 18 10
352 17 18 10
608 17 18 10
416 17 18 10
672 17 18 10
800 17 18 10
448 17 17 10
704 17 17 10
832 17 17 10
896 17 17 10
255 17 17 10
383 17 17 10
639 1 18 10
447 17 17 10
703 1 18 10
831 17 17 10
479 17 17 10
735 1 18 10
863 17 17 10
927 1 18 10
495 17 17 10
751 1 18 10
879 17 17 10
943 17 18 10
975 17 17 10
503 17 17 10
759 1 18 10
887 17 17 10
951 18 18 10
983 17 17 10
999 1 18 10
507 17 17 10
763 17 18 10
891 17 17 10
955 1 18 10
987 17 17 10
1003 17 18 10
1011 17 17 10
509 17 17 10
765 1 18 10
893 18 18 10
957 17 18 10
989 17 17 10
1005 1 18 10
1013 18 18 10
1017 1 18 10
510 17 17 10
766 17 18 10
894 17 17 10
958 17 17 10
990 17 17 10
1006 17 18 10
1014 17 17 10
1018 17 18 10
1020 18 18 10
3 17 17 10
5 17 18 10
9 17 18 10
17 17 18 10
33 17 17 10
65 17 17 10
129 17 18 10
257 17 18 10
513 17 18 10
6 17 17 10
10 17 17 10
18 17 17 10
34 17 17 10
66 17 17 10
130 17 17 10
258 17 17 10
514 17 17 10
12 17 18 10
20 17 17 10
36 17 17 10
68 17 17 10
132 17 17 10
260 17 17 10
516 17 17 10
24 17 17 10
40 17 18 10
72 17 17 10
136 17 18 10
264 17 17 10
520 17 17 10
48 17 18 10
80 17 17 10
144 17 17 10
272 17 18 10
528 17 18 10
96 17 18 10
160 17 18 10
288 17 18 10
544 17 18 10
192 17 17 10
320 17 17 10
576 17 17 10
384 17 17 10
640 17 17 10
768 17 17 10
511 17 17 10
767 1 18 10
895 17 17 10
959 1 18 10
991 17 18 10
1007 17 18 10
1015 17 17 10
1019 1 18 10
1021 17 17 10
1022 17 18 10
1 17 18 10
2 17 17 10
4 17 17 10
8 17 17 10
16 17 18 10
32 17 18 10
64 17 17 10
128 17 17 10
256 17 17 10
512 17 17 10
1023 17 17 10
----
