496 2 255 9
496 3 255 9
496 4 255 9
496 5 255 9
496 6 255 9
496 7 255 9
496 8 255 9
496 9 255 9
496 10 255 9
496 11 255 9
496 12 255 9
496 13 255 9
496 14 255 9
496 15 255 9
496 15 15 9
488 15 15 9
484 15 15 9
482 15 15 9
481 15 15 9
472 15 15 9
468 15 15 9
466 15 15 9
465 15 15 9
460 15 15 9
458 15 15 9
457 15 15 9
454 15 15 9
453 16 255 9
453 16 16 9
451 15 16 9
440 15 15 9
436 15 15 9
434 15 15 9
433 15 16 9
428 15 15 9
426 15 15 9
425 15 16 9
422 15 15 9
421 15 16 9
419 15 16 9
412 15 15 9
410 15 15 9
409 15 16 9
406 15 15 9
405 15 16 9
403 15 16 9
398 15 15 9
397 15 16 9
395 15 15 9
391 15 15 9
376 15 15 9
372 15 15 9
370 15 15 9
369 15 16 9
364 15 15 9
362 15 15 9
361 15 16 9
358 15 15 9
357 15 16 9
355 15 15 9
348 15 15 9
346 15 15 9
345 15 16 9
342 15 15 9
341 15 16 9
339 15 15 9
334 15 15 9
333 15 16 9
331 15 15 9
327 15 15 9
316 15 15 9
314 16 16 9
313 15 16 9
310 15 15 9
309 15 16 9
307 15 15 9
302 15 15 9
301 15 16 9
299 15 15 9
295 15 15 9
286 15 15 9
285 15 16 9
283 15 15 9
279 15 16 9
271 15 16 9
248 16 16 9
244 15 15 9
242 15 15 9
241 15 16 9
236 15 15 9
234 15 15 9
233 15 16 9
230 15 15 9
229 15 16 9
227 15 15 9
220 15 15 9
218 15 15 9
217 15 16 9
214 15 15 9
213 15 16 9
211 15 15 9
206 15 15 9
205 15 16 9
203 15 15 9
199 15 16 9
188 15 15 9
186 15 15 9
185 15 16 9
182 15 15 9
181 15 16 9
179 15 15 9
174 15 15 9
173 15 16 9
171 15 15 9
167 15 16 9
158 15 15 9
157 15 16 9
155 15 15 9
151 15 16 9
143 15 16 9
124 15 15 9
122 15 15 9
121 15 16 9
118 15 15 9
117 15 15 9
115 15 15 9
110 15 15 9
109 15 16 9
107 15 15 9
103 15 16 9
94 15 15 9
93 15 16 9
91 15 15 9
87 15 16 9
79 15 16 9
62 15 15 9
61 15 16 9
59 15 15 9
55 15 16 9
47 15 15 9
31 15 15 9
480 15 16 9
464 15 16 9
456 15 16 9
452 16 16 9
450 15 16 9
449 15 15 9
432 15 16 9
424 15 16 9
420 15 16 9
418 15 16 9
417 15 15 9
408 15 16 9
404 15 16 9
402 15 16 9
401 15 15 9
396 15 16 9
394 15 15 9
393 15 15 9
390 15 15 9
389 15 15 9
387 15 16 9
368 15 16 9
360 15 16 9
356 15 16 9
354 15 15 9
353 15 15 9
344 15 16 9
340 15 16 9
338 15 15 9
337 15 15 9
332 15 16 9
330 15 15 9
329 15 15 9
326 15 15 9
325 15 15 9
323 15 16 9
312 15 16 9
308 15 16 9
306 15 15 9
305 15 15 9
300 15 16 9
298 15 15 9
297 15 15 9
294 15 15 9
293 15 15 9
291 15 16 9
284 15 16 9
282 15 15 9
281 15 15 9
278 15 16 9
277 15 16 9
275 15 16 9
270 15 16 9
269 15 16 9
267 15 16 9
263 15 15 9
240 15 16 9
232 15 16 9
228 15 16 9
226 15 15 9
225 15 15 9
216 15 16 9
212 15 16 9
210 15 15 9
209 15 15 9
204 15 16 9
202 15 15 9
201 15 15 9
198 15 16 9
197 15 16 9
195 15 16 9
184 15 16 9
180 15 16 9
178 15 15 9
177 15 15 9
172 15 16 9
170 15 15 9
169 15 15 9
166 15 16 9
165 15 16 9
163 15 16 9
156 15 16 9
154 15 15 9
153 15 15 9
150 15 16 9
149 15 16 9
147 15 16 9
142 15 16 9
141 15 16 9
139 15 16 9
135 15 15 9
120 15 16 9
116 15 15 9
114 15 15 9
113 15 15 9
108 15 16 9
106 15 15 9
105 15 15 9
102 15 16 9
101 15 16 9
99 15 16 9
92 15 16 9
90 15 15 9
89 15 15 9
86 15 16 9
85 15 16 9
83 15 16 9
78 15 16 9
77 15 16 9
75 15 16 9
71 15 15 9
60 15 16 9
58 15 15 9
57 15 15 9
54 15 16 9
53 15 16 9
51 15 16 9
46 15 15 9
45 15 15 9
43 16 16 9
39 15 15 9
30 15 15 9
29 15 15 9
27 15 15 9
23 15 15 9
15 15 16 9
504 15 15 9
500 15 15 9
498 15 15 9
497 15 16 9
492 15 15 9
490 15 15 9
489 15 16 9
486 15 15 9
485 15 16 9
483 15 15 9
476 15 15 9
474 15 15 9
473 15 16 9
470 15 15 9
469 1 16 9
467 15 15 9
462 15 15 9
461 15 16 9
459 15 15 9
455 1 16 9
444 15 15 9
442 15 15 9
441 15 16 9
438 15 15 9
437 15 16 9
435 15 15 9
430 15 15 9
429 15 16 9
427 15 15 9
423 15 16 9
414 15 15 9
413 15 16 9
411 15 15 9
407 15 16 9
399 15 15 9
380 15 15 9
378 15 15 9
377 15 16 9
374 15 15 9
373 15 16 9
371 15 15 9
366 15 15 9
365 1 16 9
363 15 15 9
359 1 16 9
350 15 15 9
349 15 16 9
347 15 15 9
343 15 16 9
335 15 15 9
318 15 15 9
317 15 16 9
315 15 15 9
311 15 16 9
303 15 15 9
287 15 16 9
252 15 15 9
250 15 15 9
249 15 16 9
246 15 15 9
245 15 16 9
243 15 15 9
238 15 15 9
237 15 16 9
235 16 16 9
231 15 16 9
222 15 15 9
221 15 16 9
219 15 15 9
215 15 16 9
207 15 15 9
190 15 15 9
189 15 16 9
187 15 15 9
183 15 16 9
175 15 15 9
159 15 16 9
126 15 15 9
125 15 16 9
123 15 15 9
119 15 16 9
111 15 15 9
95 15 16 9
63 15 16 9
448 15 15 9
416 15 15 9
400 15 15 9
392 15 15 9
388 15 15 9
386 15 16 9
385 15 16 9
352 15 15 9
336 15 15 9
328 15 15 9
324 15 15 9
322 15 16 9
321 15 16 9
304 15 15 9
296 15 15 9
292 15 15 9
290 15 16 9
289 15 16 9
280 15 15 9
276 15 16 9
274 15 16 9
273 15 16 9
268 15 16 9
266 15 16 9
265 15 16 9
262 15 15 9
261 15 15 9
259 15 15 9
224 15 15 9
208 15 15 9
200 15 15 9
196 15 16 9
194 15 16 9
193 15 16 9
176 15 15 9
168 15 15 9
164 15 16 9
162 15 16 9
161 15 16 9
152 15 15 9
148 15 16 9
146 15 16 9
145 15 16 9
140 15 16 9
138 15 16 9
137 15 16 9
134 15 15 9
133 16 16 9
131 15 15 9
112 15 15 9
104 15 15 9
100 15 16 9
98 15 16 9
97 15 16 9
88 15 15 9
84 15 16 9
82 15 16 9
81 15 16 9
76 15 16 9
74 15 16 9
73 15 16 9
70 15 15 9
69 15 15 9
67 15 15 9
56 15 15 9
52 15 16 9
50 15 16 9
49 15 16 9
44 15 15 9
42 15 15 9
41 15 15 9
38 15 15 9
37 15 15 9
35 15 15 9
28 15 15 9
26 15 15 9
25 15 15 9
22 15 15 9
21 15 15 9
19 15 15 9
14 15 16 9
13 14 16 9
11 15 16 9
7 15 16 9
508 15 15 9
506 15 15 9
505 15 16 9
502 15 15 9
501 1 16 9
499 15 15 9
494 15 15 9
493 15 16 9
491 15 15 9
487 15 16 9
478 15 15 9
477 1 16 9
475 15 15 9
471 15 16 9
463 15 15 9
446 15 15 9
445 15 16 9
443 15 15 9
439 15 16 9
431 15 15 9
415 15 16 9
382 15 15 9
381 15 16 9
379 15 15 9
375 15 16 9
367 15 15 9
351 15 16 9
319 15 15 9
254 15 15 9
253 1 16 9
251 15 15 9
247 15 16 9
239 15 15 9
223 15 16 9
191 15 15 9
127 15 16 9
384 15 16 9
320 15 16 9
288 15 16 9
272 15 16 9
264 15 16 9
260 15 15 9
258 15 15 9
257 15 15 9
192 15 16 9
160 15 16 9
144 15 16 9
136 15 16 9
132 15 15 9
130 15 15 9
129 15 15 9
96 15 16 9
80 15 16 9
72 15 16 9
68 15 15 9
66 15 15 9
65 15 15 9
48 15 16 9
40 15 15 9
36 15 15 9
34 15 15 9
33 15 15 9
24 15 15 9
20 15 15 9
18 15 15 9
17 15 15 9
12 15 16 9
10 15 16 9
9 15 16 9
6 15 16 9
5 14 16 9
3 14 16 9
510 15 15 9
509 15 16 9
507 15 15 9
503 15 16 9
495 15 15 9
479 15 16 9
447 15 15 9
383 15 16 9
255 15 15 9
256 15 15 9
128 15 15 9
64 15 15 9
32 15 15 9
16 15 15 9
8 15 16 9
4 14 16 9
2 14 16 9
1 1 16 9
511 1 16 9
----
