2048 21 21 9
1024 21 21 9
3072 21 21 9
512 21 23 9
2560 21 23 9
1536 21 23 9
3584 21 23 9
256 21 21 9
2304 21 21 9
1280 21 21 9
3328 21 21 9
768 21 21 9
2816 21 21 9
1792 22 22 9
3840 21 21 9
128 21 23 9
2176 21 23 9
1152 21 23 9
3200 21 23 9
640 21 21 9
2688 21 21 9
1664 21 21 9
3712 21 21 9
384 22 22 9
2432 21 21 9
1408 21 21 9
3456 22 22 9
896 21 21 9
2944 22 22 9
1920 21 21 9
3968 22 22 9
64 21 23 9
2112 21 23 9
1088 21 23 9
3136 21 23 9
576 21 23 9
2624 21 23 9
1600 21 23 9
3648 21 23 9
320 21 22 9
2368 21 22 9
1344 21 23 9
3392 21 23 9
832 21 23 9
2880 21 23 9
1856 21 23 9
3904 21 23 9
192 22 22 9
2240 21 21 9
1216 21 21 9
3264 22 22 9
704 21 21 9
2752 22 22 9
1728 21 21 9
3776 22 22 9
448 22 23 9
2496 22 23 9
1472 22 23 9
3520 22 23 9
960 21 21 9
3008 22 22 9
1984 22 22 9
4032 21 21 9
32 22 23 9
2080 21 23 9
1056 21 23 9
3104 21 23 9
544 21 23 9
2592 21 23 9
1568 21 23 9
3616 21 23 9
288 21 23 9
2336 21 23 9
1312 21 23 9
3360 22 23 9
800 22 23 9
2848 21 23 9
1824 22 23 9
3872 21 23 9
160 21 23 9
2208 22 23 9
1184 22 23 9
3232 22 22 9
672 22 23 9
2720 22 23 9
1696 22 23 9
3744 22 22 9
416 22 23 9
2464 21 23 9
1440 22 23 9
3488 22 23 9
928 22 22 9
2976 22 22 9
1952 22 22 9
4000 22 22 9
96 21 21 9
2144 21 21 9
1120 22 22 9
3168 22 22 9
608 22 22 9
2656 22 22 9
1632 22 22 9
3680 22 22 9
352 22 23 9
2400 22 23 9
1376 22 23 9
3424 22 23 9
864 22 22 9
2912 22 22 9
1888 22 22 9
3936 22 22 9
224 21 23 9
2272 21 23 9
1248 22 23 9
3296 21 23 9
736 22 22 9
2784 22 22 9
1760 22 22 9
3808 22 22 9
480 22 22 9
2528 22 22 9
1504 22 22 9
3552 22 22 9
992 21 23 9
3040 21 23 9
2016 22 22 9
4064 22 22 9
16 21 23 9
2064 21 23 9
1040 21 23 9
3088 21 23 9
528 22 23 9
2576 21 23 9
1552 21 23 9
3600 21 23 9
272 21 23 9
2320 21 23 9
1296 21 23 9
3344 21 23 9
784 21 23 9
2832 22 23 9
1808 21 23 9
3856 21 23 9
144 21 23 9
2192 22 23 9
1168 22 23 9
3216 22 22 9
656 21 21 9
2704 22 22 9
1680 22 22 9
3728 22 22 9
400 21 23 9
2448 22 23 9
1424 21 23 9
3472 21 23 9
912 22 22 9
2960 22 22 9
1936 22 22 9
3984 22 22 9
80 22 22 9
2128 22 22 9
1104 22 22 9
3152 22 22 9
592 22 22 9
2640 22 22 9
1616 22 22 9
3664 22 22 9
336 22 23 9
2384 22 23 9
1360 22 23 9
3408 22 23 9
848 22 22 9
2896 22 22 9
1872 22 22 9
3920 22 22 9
208 21 23 9
2256 21 23 9
1232 22 23 9
3280 22 23 9
720 22 22 9
2768 22 22 9
1744 22 22 9
3792 22 22 9
464 22 22 9
2512 22 22 9
1488 22 22 9
3536 22 22 9
976 22 23 9
3024 22 23 9
2000 22 23 9
4048 22 23 9
48 21 21 9
2096 22 22 9
1072 22 22 9
3120 22 22 9
560 22 22 9
2608 22 22 9
1584 22 22 9
3632 22 22 9
304 22 23 9
2352 22 23 9
1328 22 23 9
3376 22 23 9
816 22 22 9
2864 22 22 9
1840 22 22 9
3888 22 22 9
176 22 23 9
2224 22 23 9
1200 22 23 9
3248 22 23 9
688 22 22 9
2736 22 22 9
1712 22 22 9
3760 22 22 9
432 22 22 9
2480 22 22 9
1456 22 22 9
3504 22 22 9
944 22 23 9
2992 22 23 9
1968 22 23 9
4016 22 23 9
112 21 23 9
2160 21 23 9
1136 21 23 9
3184 22 23 9
624 22 22 9
2672 22 22 9
1648 22 22 9
3696 22 22 9
368 22 22 9
2416 22 22 9
1392 22 22 9
3440 22 22 9
880 22 23 9
2928 22 23 9
1904 22 23 9
3952 22 23 9
240 22 22 9
2288 22 22 9
1264 22 22 9
3312 22 22 9
752 21 23 9
2800 22 23 9
1776 22 22 9
3824 22 23 9
496 22 23 9
2544 22 23 9
1520 22 22 9
3568 22 22 9
1008 22 22 9
3056 22 23 9
2032 22 23 9
4080 22 23 9
8 21 23 9
2056 21 23 9
1032 21 23 9
3080 22 23 9
520 21 23 9
2568 21 23 9
1544 21 23 9
3592 22 23 9
264 22 23 9
2312 21 23 9
1288 21 23 9
3336 22 23 9
776 21 23 9
2824 21 23 9
1800 21 23 9
3848 22 23 9
136 22 22 9
2184 21 21 9
1160 22 22 9
3208 22 22 9
648 22 22 9
2696 22 22 9
1672 22 22 9
3720 22 22 9
392 21 23 9
2440 21 23 9
1416 22 23 9
3464 22 23 9
904 22 22 9
2952 22 22 9
1928 22 22 9
3976 22 22 9
72 22 22 9
2120 22 22 9
1096 22 22 9
3144 22 22 9
584 22 22 9
2632 22 22 9
1608 22 22 9
3656 22 22 9
328 22 23 9
2376 22 23 9
1352 22 23 9
3400 22 23 9
840 22 22 9
2888 22 22 9
1864 22 22 9
3912 22 22 9
200 21 23 9
2248 22 23 9
1224 22 23 9
3272 22 23 9
712 22 22 9
2760 22 22 9
1736 22 22 9
3784 22 22 9
456 22 22 9
2504 22 22 9
1480 22 22 9
3528 22 22 9
968 22 23 9
3016 22 23 9
1992 22 22 9
4040 22 23 9
40 22 22 9
2088 22 22 9
1064 22 22 9
3112 22 22 9
552 22 22 9
2600 22 22 9
1576 22 22 9
3624 22 22 9
296 22 23 9
2344 22 23 9
1320 21 23 9
3368 22 23 9
808 22 22 9
2856 22 22 9
1832 22 22 9
3880 22 22 9
168 21 23 9
2216 21 23 9
1192 22 23 9
3240 22 23 9
680 22 22 9
2728 22 22 9
1704 22 22 9
3752 22 22 9
424 22 22 9
2472 22 22 9
1448 22 22 9
3496 22 22 9
936 22 23 9
2984 22 23 9
1960 22 23 9
4008 22 23 9
104 21 23 9
2152 22 23 9
1128 22 23 9
3176 22 23 9
616 22 22 9
2664 22 22 9
1640 22 22 9
3688 22 22 9
360 22 22 9
2408 22 22 9
1384 22 22 9
3432 22 22 9
872 22 23 9
2920 22 23 9
1896 22 22 9
3944 22 23 9
232 22 22 9
2280 22 22 9
1256 22 22 9
3304 22 22 9
744 22 23 9
2792 22 23 9
1768 22 22 9
3816 22 23 9
488 22 23 9
2536 22 23 9
1512 22 22 9
3560 22 22 9
1000 22 22 9
3048 22 23 9
2024 22 22 9
4072 22 23 9
24 22 22 9
2072 22 22 9
1048 22 22 9
3096 22 22 9
536 22 22 9
2584 21 21 9
1560 22 22 9
3608 22 22 9
280 21 23 9
2328 22 23 9
1304 22 23 9
3352 22 23 9
792 22 22 9
2840 22 22 9
1816 22 22 9
3864 22 22 9
152 21 23 9
2200 21 23 9
1176 22 23 9
3224 22 23 9
664 22 22 9
2712 22 22 9
1688 22 22 9
3736 22 22 9
408 22 22 9
2456 22 22 9
1432 22 22 9
3480 22 22 9
920 22 23 9
2968 22 23 9
1944 22 22 9
3992 22 23 9
88 22 23 9
2136 22 23 9
1112 22 23 9
3160 22 23 9
600 22 22 9
2648 22 22 9
1624 22 22 9
3672 22 22 9
344 22 22 9
2392 22 22 9
1368 22 22 9
3416 22 22 9
856 22 23 9
2904 22 23 9
1880 22 22 9
3928 22 23 9
216 22 22 9
2264 22 22 9
1240 22 22 9
3288 22 22 9
728 22 23 9
2776 22 23 9
1752 22 23 9
3800 22 23 9
472 22 23 9
2520 22 23 9
1496 22 22 9
3544 22 22 9
984 22 22 9
3032 22 23 9
2008 22 22 9
4056 22 22 9
56 21 23 9
2104 22 23 9
1080 21 23 9
3128 22 23 9
568 22 22 9
2616 22 22 9
1592 22 22 9
3640 22 22 9
312 22 22 9
2360 22 22 9
1336 22 22 9
3384 22 22 9
824 22 23 9
2872 22 23 9
1848 22 22 9
3896 22 23 9
184 22 22 9
2232 22 22 9
1208 22 22 9
3256 22 22 9
696 22 23 9
2744 22 23 9
1720 22 23 9
3768 22 23 9
440 22 23 9
2488 22 23 9
1464 22 22 9
3512 22 22 9
952 22 22 9
3000 22 23 9
1976 22 22 9
4024 22 23 9
120 22 22 9
2168 22 22 9
1144 22 22 9
3192 22 22 9
632 22 23 9
2680 22 23 9
1656 22 22 9
3704 22 23 9
376 22 23 9
2424 22 23 9
1400 22 22 9
3448 23 23 9
888 22 23 9
2936 1 23 9
1912 22 22 9
3960 22 22 9
248 22 23 9
2296 22 23 9
1272 22 22 9
3320 22 22 9
760 22 22 9
2808 1 23 9
1784 22 22 9
3832 1 23 9
504 22 23 9
2552 1 23 9
1528 22 22 9
3576 22 22 9
1016 22 22 9
3064 22 23 9
2040 22 22 9
4088 22 23 9
4 21 22 9
2052 21 22 9
1028 21 23 9
3076 21 23 9
516 21 23 9
2564 21 23 9
1540 21 23 9
3588 22 23 9
260 21 23 9
2308 21 23 9
1284 22 23 9
3332 22 23 9
772 21 23 9
2820 22 23 9
1796 22 23 9
3844 22 23 9
132 22 22 9
2180 22 22 9
1156 22 22 9
3204 22 22 9
644 22 22 9
2692 22 22 9
1668 22 22 9
3716 22 22 9
388 21 23 9
2436 22 23 9
1412 22 23 9
3460 22 23 9
900 22 22 9
2948 22 22 9
1924 22 22 9
3972 22 22 9
68 22 22 9
2116 22 22 9
1092 22 22 9
3140 22 22 9
580 22 22 9
2628 22 22 9
1604 22 22 9
3652 22 22 9
324 22 23 9
2372 22 23 9
1348 22 23 9
3396 22 23 9
836 22 22 9
2884 22 22 9
1860 22 22 9
3908 22 22 9
196 22 23 9
2244 22 23 9
1220 21 23 9
3268 22 23 9
708 22 22 9
2756 22 22 9
1732 22 22 9
3780 22 22 9
452 22 22 9
2500 22 22 9
1476 22 22 9
3524 22 22 9
964 22 23 9
3012 22 23 9
1988 22 22 9
4036 22 23 9
36 21 21 9
2084 21 21 9
1060 22 22 9
3108 22 22 9
548 22 22 9
2596 22 22 9
1572 22 22 9
3620 22 22 9
292 21 23 9
2340 21 23 9
1316 22 23 9
3364 21 23 9
804 22 22 9
2852 22 22 9
1828 22 22 9
3876 22 22 9
164 22 23 9
2212 22 23 9
1188 22 23 9
3236 22 23 9
676 22 22 9
2724 22 22 9
1700 22 22 9
3748 22 22 9
420 22 22 9
2468 22 22 9
1444 22 22 9
3492 22 22 9
932 22 23 9
2980 22 23 9
1956 22 23 9
4004 22 23 9
100 22 23 9
2148 21 23 9
1124 22 23 9
3172 22 23 9
612 22 22 9
2660 22 22 9
1636 22 22 9
3684 22 22 9
356 22 22 9
2404 22 22 9
1380 22 22 9
3428 22 22 9
868 22 23 9
2916 22 23 9
1892 22 23 9
3940 22 23 9
228 22 22 9
2276 22 22 9
1252 22 22 9
3300 22 22 9
740 22 23 9
2788 22 23 9
1764 22 22 9
3812 22 23 9
484 22 23 9
2532 22 23 9
1508 22 22 9
3556 22 22 9
996 22 23 9
3044 1 23 9
2020 22 22 9
4068 22 23 9
20 22 22 9
2068 22 22 9
1044 22 22 9
3092 22 22 9
532 22 22 9
2580 22 22 9
1556 22 22 9
3604 22 22 9
276 22 23 9
2324 21 23 9
1300 22 23 9
3348 22 23 9
788 22 22 9
2836 22 22 9
1812 22 22 9
3860 22 22 9
148 22 23 9
2196 22 23 9
1172 22 23 9
3220 22 23 9
660 22 22 9
2708 22 22 9
1684 22 22 9
3732 22 22 9
404 22 22 9
2452 22 22 9
1428 22 22 9
3476 22 22 9
916 22 23 9
2964 22 23 9
1940 22 22 9
3988 22 23 9
84 22 23 9
2132 22 23 9
1108 22 23 9
3156 22 23 9
596 22 22 9
2644 22 22 9
1620 22 22 9
3668 22 22 9
340 22 22 9
2388 22 22 9
1364 22 22 9
3412 22 22 9
852 22 23 9
2900 22 23 9
1876 22 22 9
3924 22 23 9
212 22 22 9
2260 22 22 9
1236 22 22 9
3284 22 22 9
724 22 23 9
2772 22 23 9
1748 22 22 9
3796 22 23 9
468 22 23 9
2516 22 23 9
1492 22 22 9
3540 22 22 9
980 22 22 9
3028 22 23 9
2004 22 22 9
4052 22 22 9
52 21 23 9
2100 22 23 9
1076 22 23 9
3124 22 23 9
564 22 22 9
2612 22 22 9
1588 22 22 9
3636 22 22 9
308 22 22 9
2356 22 22 9
1332 22 22 9
3380 22 22 9
820 22 23 9
2868 22 23 9
1844 22 22 9
3892 22 23 9
180 22 22 9
2228 22 22 9
1204 22 22 9
3252 22 22 9
692 22 23 9
2740 22 23 9
1716 22 22 9
3764 1 23 9
436 22 23 9
2484 22 23 9
1460 22 22 9
3508 22 22 9
948 22 22 9
2996 22 23 9
1972 22 22 9
4020 22 23 9
116 22 22 9
2164 22 22 9
1140 22 22 9
3188 22 22 9
628 22 23 9
2676 22 23 9
1652 22 22 9
3700 22 23 9
372 22 23 9
2420 22 23 9
1396 22 22 9
3444 22 22 9
884 22 22 9
2932 22 23 9
1908 22 22 9
3956 22 22 9
244 22 23 9
2292 22 23 9
1268 22 22 9
3316 22 22 9
756 22 22 9
2804 22 23 9
1780 22 22 9
3828 1 23 9
500 22 22 9
2548 22 23 9
1524 22 22 9
3572 22 22 9
1012 22 22 9
3060 22 23 9
2036 22 22 9
4084 22 22 9
12 21 21 9
2060 22 22 9
1036 22 22 9
3084 22 22 9
524 22 22 9
2572 22 22 9
1548 22 22 9
3596 22 22 9
268 22 23 9
2316 21 23 9
1292 22 23 9
3340 21 23 9
780 22 22 9
2828 22 22 9
1804 22 22 9
3852 22 22 9
140 22 23 9
2188 22 23 9
1164 21 23 9
3212 22 23 9
652 22 22 9
2700 22 22 9
1676 22 22 9
3724 22 22 9
396 22 22 9
2444 22 22 9
1420 22 22 9
3468 22 22 9
908 22 23 9
2956 22 23 9
1932 22 22 9
3980 22 23 9
76 22 23 9
2124 22 23 9
1100 22 23 9
3148 22 23 9
588 21 21 9
2636 22 22 9
1612 22 22 9
3660 22 22 9
332 22 22 9
2380 22 22 9
1356 22 22 9
3404 22 22 9
844 22 23 9
2892 22 23 9
1868 22 22 9
3916 22 23 9
204 22 22 9
2252 22 22 9
1228 22 22 9
3276 22 22 9
716 22 23 9
2764 22 23 9
1740 22 22 9
3788 1 23 9
460 22 23 9
2508 22 23 9
1484 22 22 9
3532 22 22 9
972 22 22 9
3020 22 23 9
1996 22 22 9
4044 22 22 9
44 22 23 9
2092 22 23 9
1068 22 23 9
3116 22 23 9
556 22 22 9
2604 22 22 9
1580 22 22 9
3628 22 22 9
300 22 22 9
2348 22 22 9
1324 22 22 9
3372 22 22 9
812 22 23 9
2860 22 23 9
1836 22 22 9
3884 22 23 9
172 22 22 9
2220 22 22 9
1196 22 22 9
3244 22 22 9
684 22 23 9
2732 22 23 9
1708 22 22 9
3756 22 23 9
428 22 23 9
2476 22 23 9
1452 22 22 9
3500 22 22 9
940 22 22 9
2988 22 23 9
1964 22 22 9
4012 22 23 9
108 22 22 9
2156 22 22 9
1132 22 22 9
3180 22 22 9
620 22 23 9
2668 22 23 9
1644 22 22 9
3692 22 23 9
364 22 23 9
2412 22 23 9
1388 22 22 9
3436 22 22 9
876 22 22 9
2924 22 23 9
1900 22 22 9
3948 22 22 9
236 22 23 9
2284 22 23 9
1260 22 22 9
3308 22 22 9
748 22 22 9
2796 1 23 9
1772 22 22 9
3820 22 23 9
492 22 22 9
2540 1 23 9
1516 22 22 9
3564 22 22 9
1004 22 22 9
3052 22 23 9
2028 22 22 9
4076 1 23 9
28 22 23 9
2076 22 23 9
1052 21 23 9
3100 22 23 9
540 22 22 9
2588 22 22 9
1564 22 22 9
3612 22 22 9
284 22 22 9
2332 22 22 9
1308 22 22 9
3356 22 22 9
796 22 23 9
2844 22 23 9
1820 22 22 9
3868 22 23 9
156 22 22 9
2204 22 22 9
1180 22 22 9
3228 22 22 9
668 22 23 9
2716 22 23 9
1692 22 22 9
3740 19 23 9
412 22 23 9
2460 22 23 9
1436 22 22 9
3484 22 22 9
924 22 22 9
2972 1 23 9
1948 22 22 9
3996 22 23 9
92 22 22 9
2140 22 22 9
1116 22 22 9
3164 22 22 9
604 22 23 9
2652 22 23 9
1628 22 22 9
3676 22 23 9
348 22 23 9
2396 22 23 9
1372 22 22 9
3420 22 22 9
860 22 22 9
2908 22 23 9
1884 22 22 9
3932 22 22 9
220 22 23 9
2268 22 23 9
1244 22 22 9
3292 22 22 9
732 22 22 9
2780 22 23 9
1756 22 22 9
3804 22 23 9
476 22 22 9
2524 22 23 9
1500 22 22 9
3548 22 22 9
988 22 22 9
3036 1 23 9
2012 22 22 9
4060 22 22 9
60 22 22 9
2108 22 22 9
1084 22 22 9
3132 22 22 9
572 22 23 9
2620 22 23 9
1596 22 22 9
3644 22 23 9
316 22 23 9
2364 22 23 9
1340 22 22 9
3388 22 22 9
828 22 22 9
2876 21 23 9
1852 22 22 9
3900 22 22 9
188 22 23 9
2236 22 23 9
1212 22 22 9
3260 22 22 9
700 22 22 9
2748 22 23 9
1724 22 22 9
3772 22 23 9
444 22 22 9
2492 22 23 9
1468 22 22 9
3516 22 22 9
956 22 22 9
3004 1 23 9
1980 22 22 9
4028 22 23 9
124 22 23 9
2172 22 23 9
1148 22 22 9
3196 22 22 9
636 22 22 9
2684 1 23 9
1660 22 22 9
3708 22 23 9
380 22 22 9
2428 22 23 9
1404 22 22 9
3452 22 22 9
892 22 22 9
2940 22 23 9
1916 22 22 9
3964 22 22 9
252 22 22 9
2300 22 23 9
1276 22 22 9
3324 22 22 9
764 22 22 9
2812 22 23 9
1788 22 22 9
3836 1 23 9
508 22 22 9
2556 1 23 9
1532 22 22 9
3580 22 22 9
1020 22 22 9
3068 1 23 9
2044 22 22 9
4092 22 22 9
2 21 23 9
2050 21 23 9
1026 21 23 9
3074 21 23 9
514 21 23 9
2562 21 23 9
1538 22 23 9
3586 22 23 9
258 21 23 9
2306 21 23 9
1282 21 23 9
3330 21 23 9
770 21 23 9
2818 22 23 9
1794 22 23 9
3842 21 23 9
130 22 22 9
2178 22 22 9
1154 22 22 9
3202 22 22 9
642 22 22 9
2690 21 21 9
1666 22 22 9
3714 22 22 9
386 22 23 9
2434 22 23 9
1410 22 23 9
3458 22 23 9
898 22 22 9
2946 22 22 9
1922 22 22 9
3970 22 22 9
66 22 22 9
2114 22 22 9
1090 22 22 9
3138 22 22 9
578 21 21 9
2626 22 22 9
1602 22 22 9
3650 22 22 9
322 21 23 9
2370 22 23 9
1346 22 23 9
3394 22 23 9
834 22 22 9
2882 22 22 9
1858 22 22 9
3906 22 22 9
194 22 23 9
2242 22 23 9
1218 22 23 9
3266 22 23 9
706 22 22 9
2754 22 22 9
1730 22 22 9
3778 22 22 9
450 22 22 9
2498 22 22 9
1474 22 22 9
3522 22 22 9
962 22 23 9
3010 22 23 9
1986 22 22 9
4034 22 23 9
34 22 22 9
2082 22 22 9
1058 22 22 9
3106 22 22 9
546 22 22 9
2594 22 22 9
1570 22 22 9
3618 22 22 9
290 22 23 9
2338 22 23 9
1314 22 23 9
3362 21 23 9
802 22 22 9
2850 22 22 9
1826 22 22 9
3874 22 22 9
162 22 23 9
2210 22 23 9
1186 22 23 9
3234 22 23 9
674 22 22 9
2722 22 22 9
1698 22 22 9
3746 22 22 9
418 22 22 9
2466 22 22 9
1442 22 22 9
3490 22 22 9
930 22 23 9
2978 22 23 9
1954 22 22 9
4002 22 23 9
98 22 23 9
2146 22 23 9
1122 22 23 9
3170 22 23 9
610 22 22 9
2658 22 22 9
1634 22 22 9
3682 22 22 9
354 22 22 9
2402 22 22 9
1378 22 22 9
3426 22 22 9
866 22 23 9
2914 22 23 9
1890 22 22 9
3938 22 23 9
226 22 22 9
2274 22 22 9
1250 22 22 9
3298 22 22 9
738 22 23 9
2786 22 23 9
1762 22 22 9
3810 22 23 9
482 22 23 9
2530 22 23 9
1506 22 22 9
3554 22 22 9
994 22 22 9
3042 22 23 9
2018 22 22 9
4066 22 23 9
18 22 22 9
2066 22 22 9
1042 22 22 9
3090 22 22 9
530 22 22 9
2578 22 22 9
1554 22 22 9
3602 22 22 9
274 22 23 9
2322 22 23 9
1298 22 23 9
3346 22 23 9
786 22 22 9
2834 22 22 9
1810 22 22 9
3858 22 22 9
146 21 23 9
2194 22 23 9
1170 22 23 9
3218 22 23 9
658 22 22 9
2706 22 22 9
1682 22 22 9
3730 22 22 9
402 22 22 9
2450 22 22 9
1426 22 22 9
3474 22 22 9
914 22 23 9
2962 22 23 9
1938 22 22 9
3986 22 23 9
82 21 23 9
2130 22 23 9
1106 22 23 9
3154 22 23 9
594 22 22 9
2642 22 22 9
1618 22 22 9
3666 22 22 9
338 22 22 9
2386 22 22 9
1362 22 22 9
3410 22 22 9
850 22 23 9
2898 22 23 9
1874 22 22 9
3922 22 23 9
210 22 22 9
2258 22 22 9
1234 22 22 9
3282 22 22 9
722 22 23 9
2770 22 23 9
1746 22 22 9
3794 22 23 9
466 22 23 9
2514 22 23 9
1490 22 22 9
3538 22 22 9
978 22 22 9
3026 22 23 9
2002 22 22 9
4050 22 22 9
50 22 23 9
2098 22 23 9
1074 22 23 9
3122 22 23 9
562 22 22 9
2610 22 22 9
1586 22 22 9
3634 22 22 9
306 22 22 9
2354 22 22 9
1330 22 22 9
3378 22 22 9
818 22 23 9
2866 22 23 9
1842 22 22 9
3890 22 23 9
178 22 22 9
2226 22 22 9
1202 22 22 9
3250 22 22 9
690 22 23 9
2738 22 23 9
1714 22 22 9
3762 22 23 9
434 22 23 9
2482 22 23 9
1458 22 22 9
3506 22 22 9
946 22 22 9
2994 22 23 9
1970 22 22 9
4018 22 23 9
114 22 22 9
2162 22 22 9
1138 22 22 9
3186 22 22 9
626 22 23 9
2674 22 23 9
1650 22 22 9
3698 22 23 9
370 22 23 9
2418 22 23 9
1394 22 22 9
3442 22 22 9
882 22 22 9
2930 22 23 9
1906 22 22 9
3954 22 22 9
242 22 23 9
2290 22 23 9
1266 22 22 9
3314 22 22 9
754 22 22 9
2802 22 23 9
1778 22 22 9
3826 22 23 9
498 22 22 9
2546 22 23 9
1522 22 22 9
3570 22 22 9
1010 22 22 9
3058 22 23 9
2034 22 22 9
4082 22 22 9
10 22 22 9
2058 22 22 9
1034 22 22 9
3082 22 22 9
522 22 22 9
2570 22 22 9
1546 22 22 9
3594 22 22 9
266 22 23 9
2314 22 23 9
1290 22 23 9
3338 22 23 9
778 22 22 9
2826 22 22 9
1802 22 22 9
3850 22 22 9
138 22 23 9
2186 21 23 9
1162 22 23 9
3210 22 23 9
650 22 22 9
2698 22 22 9
1674 22 22 9
3722 22 22 9
394 22 22 9
2442 22 22 9
1418 22 22 9
3466 22 22 9
906 22 23 9
2954 22 23 9
1930 22 22 9
3978 22 23 9
74 21 23 9
2122 21 23 9
1098 22 23 9
3146 22 23 9
586 22 22 9
2634 22 22 9
1610 22 22 9
3658 22 22 9
330 22 22 9
2378 22 22 9
1354 22 22 9
3402 22 22 9
842 22 23 9
2890 22 23 9
1866 22 22 9
3914 22 23 9
202 22 22 9
2250 22 22 9
1226 22 22 9
3274 22 22 9
714 22 23 9
2762 22 23 9
1738 22 22 9
3786 22 23 9
458 22 23 9
2506 22 23 9
1482 22 22 9
3530 22 22 9
970 22 22 9
3018 22 23 9
1994 22 22 9
4042 22 22 9
42 22 23 9
2090 22 23 9
1066 21 23 9
3114 22 23 9
554 22 22 9
2602 22 22 9
1578 22 22 9
3626 22 22 9
298 22 22 9
2346 22 22 9
1322 22 22 9
3370 22 22 9
810 22 23 9
2858 22 23 9
1834 22 22 9
3882 22 23 9
170 22 22 9
2218 22 22 9
1194 22 22 9
3242 22 22 9
682 22 23 9
2730 21 23 9
1706 22 22 9
3754 1 23 9
426 22 23 9
2474 22 23 9
1450 22 22 9
3498 22 22 9
938 22 22 9
2986 1 23 9
1962 22 22 9
4010 22 23 9
106 22 22 9
2154 22 22 9
1130 22 22 9
3178 22 22 9
618 22 23 9
2666 22 23 9
1642 22 22 9
3690 22 23 9
362 22 23 9
2410 22 23 9
1386 22 22 9
3434 22 22 9
874 22 22 9
2922 22 23 9
1898 22 22 9
3946 22 22 9
234 22 23 9
2282 22 23 9
1258 22 22 9
3306 22 22 9
746 22 22 9
2794 1 23 9
1770 22 22 9
3818 1 23 9
490 22 22 9
2538 22 23 9
1514 22 22 9
3562 22 22 9
1002 22 22 9
3050 22 23 9
2026 22 22 9
4074 22 23 9
26 22 23 9
2074 22 23 9
1050 22 23 9
3098 22 23 9
538 22 22 9
2586 22 22 9
1562 22 22 9
3610 22 22 9
282 22 22 9
2330 22 22 9
1306 22 22 9
3354 22 22 9
794 22 23 9
2842 22 23 9
1818 22 22 9
3866 22 23 9
154 22 22 9
2202 22 22 9
1178 22 22 9
3226 22 22 9
666 22 23 9
2714 22 23 9
1690 22 22 9
3738 20 23 9
410 22 23 9
2458 22 23 9
1434 22 22 9
3482 22 22 9
922 22 22 9
2970 22 23 9
1946 22 22 9
3994 22 23 9
90 22 22 9
2138 22 22 9
1114 22 22 9
3162 22 22 9
602 21 23 9
2650 22 23 9
1626 22 22 9
3674 1 23 9
346 22 23 9
2394 22 23 9
1370 22 22 9
3418 22 22 9
858 22 22 9
2906 20 23 9
1882 22 22 9
3930 22 22 9
218 22 23 9
2266 22 23 9
1242 22 22 9
3290 22 22 9
730 22 22 9
2778 1 23 9
1754 22 22 9
3802 22 23 9
474 22 22 9
2522 22 23 9
1498 22 22 9
3546 22 22 9
986 22 22 9
3034 22 23 9
2010 22 22 9
4058 22 22 9
58 22 22 9
2106 22 22 9
1082 22 22 9
3130 22 22 9
570 22 23 9
2618 22 23 9
1594 22 22 9
3642 22 23 9
314 22 23 9
2362 22 23 9
1338 22 22 9
3386 22 22 9
826 22 22 9
2874 22 23 9
1850 22 22 9
3898 22 22 9
186 22 23 9
2234 22 23 9
1210 22 22 9
3258 22 22 9
698 22 22 9
2746 1 23 9
1722 22 22 9
3770 22 23 9
442 22 22 9
2490 22 23 9
1466 22 22 9
3514 22 22 9
954 22 22 9
3002 22 23 9
1978 22 22 9
4026 1 23 9
122 22 23 9
2170 22 23 9
1146 22 22 9
3194 22 22 9
634 22 22 9
2682 22 23 9
1658 22 22 9
3706 22 23 9
378 22 22 9
2426 1 23 9
1402 22 22 9
3450 22 22 9
890 22 22 9
2938 1 23 9
1914 22 22 9
3962 22 22 9
250 22 22 9
2298 22 23 9
1274 22 22 9
3322 22 22 9
762 22 22 9
2810 1 23 9
1786 22 22 9
3834 22 23 9
506 22 22 9
2554 1 23 9
1530 22 22 9
3578 22 22 9
1018 22 22 9
3066 22 23 9
2042 22 22 9
4090 1 23 9
6 22 22 9
2054 21 21 9
1030 22 22 9
3078 21 21 9
518 22 22 9
2566 22 22 9
1542 22 22 9
3590 22 22 9
262 22 23 9
2310 22 23 9
1286 22 23 9
3334 22 23 9
774 22 22 9
2822 22 22 9
1798 22 22 9
3846 22 22 9
134 22 23 9
2182 22 23 9
1158 21 23 9
3206 22 23 9
646 22 22 9
2694 22 22 9
1670 22 22 9
3718 22 22 9
390 22 22 9
2438 22 22 9
1414 22 22 9
3462 22 22 9
902 22 23 9
2950 22 23 9
1926 22 22 9
3974 22 23 9
70 22 23 9
2118 22 23 9
1094 22 23 9
3142 22 23 9
582 22 22 9
2630 22 22 9
1606 22 22 9
3654 22 22 9
326 22 22 9
2374 22 22 9
1350 22 22 9
3398 22 22 9
838 22 23 9
2886 22 23 9
1862 22 22 9
3910 22 23 9
198 22 22 9
2246 22 22 9
1222 22 22 9
3270 22 22 9
710 22 23 9
2758 22 23 9
1734 22 22 9
3782 22 23 9
454 22 23 9
2502 22 23 9
1478 22 22 9
3526 22 22 9
966 22 22 9
3014 22 23 9
1990 22 22 9
4038 22 22 9
38 22 23 9
2086 22 23 9
1062 22 23 9
3110 22 23 9
550 22 22 9
2598 22 22 9
1574 22 22 9
3622 22 22 9
294 22 22 9
2342 22 22 9
1318 22 22 9
3366 22 22 9
806 22 23 9
2854 22 23 9
1830 22 22 9
3878 22 23 9
166 22 22 9
2214 22 22 9
1190 22 22 9
3238 22 22 9
678 22 23 9
2726 22 23 9
1702 22 22 9
3750 22 23 9
422 22 23 9
2470 22 23 9
1446 22 22 9
3494 22 22 9
934 22 22 9
2982 22 23 9
1958 22 22 9
4006 22 23 9
102 22 22 9
2150 22 22 9
1126 22 22 9
3174 22 22 9
614 22 23 9
2662 22 23 9
1638 22 22 9
3686 1 23 9
358 22 23 9
2406 22 23 9
1382 22 22 9
3430 22 22 9
870 22 22 9
2918 22 23 9
1894 22 22 9
3942 22 22 9
230 22 23 9
2278 22 23 9
1254 22 22 9
3302 22 22 9
742 22 22 9
2790 22 23 9
1766 22 22 9
3814 22 23 9
486 22 22 9
2534 1 23 9
1510 22 22 9
3558 22 22 9
998 22 22 9
3046 22 23 9
2022 22 22 9
4070 22 23 9
22 22 23 9
2070 21 23 9
1046 22 23 9
3094 22 23 9
534 22 22 9
2582 22 22 9
1558 22 22 9
3606 22 22 9
278 22 22 9
2326 22 22 9
1302 22 22 9
3350 22 22 9
790 22 23 9
2838 22 23 9
1814 22 22 9
3862 22 23 9
150 22 22 9
2198 22 22 9
1174 22 22 9
3222 22 22 9
662 22 23 9
2710 22 23 9
1686 22 22 9
3734 1 23 9
406 22 23 9
2454 22 23 9
1430 22 22 9
3478 22 22 9
918 22 22 9
2966 22 23 9
1942 22 22 9
3990 22 23 9
86 22 22 9
2134 22 22 9
1110 22 22 9
3158 22 22 9
598 22 23 9
2646 22 23 9
1622 22 22 9
3670 21 23 9
342 22 23 9
2390 22 23 9
1366 22 22 9
3414 22 22 9
854 22 22 9
2902 22 23 9
1878 22 22 9
3926 22 22 9
214 22 23 9
2262 22 23 9
1238 22 22 9
3286 22 22 9
726 22 22 9
2774 1 23 9
1750 22 22 9
3798 22 23 9
470 22 22 9
2518 22 23 9
1494 22 22 9
3542 22 22 9
982 22 22 9
3030 22 23 9
2006 22 22 9
4054 22 22 9
54 22 22 9
2102 22 22 9
1078 22 22 9
3126 22 22 9
566 22 23 9
2614 22 23 9
1590 22 22 9
3638 22 23 9
310 22 23 9
2358 22 23 9
1334 22 22 9
3382 22 22 9
822 22 22 9
2870 22 23 9
1846 22 22 9
3894 22 22 9
182 22 23 9
2230 22 23 9
1206 22 22 9
3254 22 22 9
694 22 22 9
2742 1 23 9
1718 22 22 9
3766 22 23 9
438 22 22 9
2486 22 23 9
1462 22 22 9
3510 22 22 9
950 22 22 9
2998 1 23 9
1974 22 22 9
4022 22 23 9
118 22 23 9
2166 22 23 9
1142 22 22 9
3190 22 22 9
630 22 22 9
2678 22 23 9
1654 22 22 9
3702 21 23 9
374 22 22 9
2422 1 23 9
1398 22 22 9
3446 22 22 9
886 22 22 9
2934 22 23 9
1910 22 22 9
3958 22 22 9
246 22 22 9
2294 22 23 9
1270 22 22 9
3318 22 22 9
758 22 22 9
2806 22 23 9
1782 22 22 9
3830 22 23 9
502 22 22 9
2550 22 23 9
1526 22 22 9
3574 22 22 9
1014 22 22 9
3062 1 23 9
2038 22 22 9
4086 22 22 9
14 22 23 9
2062 22 23 9
1038 22 23 9
3086 22 23 9
526 22 22 9
2574 22 22 9
1550 22 22 9
3598 22 22 9
270 22 22 9
2318 22 22 9
1294 22 22 9
3342 22 22 9
782 22 23 9
2830 22 23 9
1806 22 22 9
3854 22 23 9
142 22 22 9
2190 22 22 9
1166 22 22 9
3214 22 22 9
654 22 23 9
2702 22 23 9
1678 22 22 9
3726 22 23 9
398 22 23 9
2446 22 23 9
1422 22 22 9
3470 22 22 9
910 22 22 9
2958 22 23 9
1934 22 22 9
3982 22 23 9
78 22 22 9
2126 22 22 9
1102 22 22 9
3150 22 22 9
590 22 22 9
2638 22 22 9
1614 22 22 9
3662 22 23 9
334 22 23 9
2382 22 23 9
1358 22 22 9
3406 22 22 9
846 22 22 9
2894 1 23 9
1870 22 22 9
3918 22 22 9
206 22 23 9
2254 22 23 9
1230 22 22 9
3278 22 22 9
718 22 22 9
2766 22 23 9
1742 22 22 9
3790 22 23 9
462 22 22 9
2510 1 23 9
1486 22 22 9
3534 22 22 9
974 22 22 9
3022 1 23 9
1998 22 22 9
4046 22 22 9
46 22 22 9
2094 22 22 9
1070 22 23 9
3118 22 23 9
558 22 23 9
2606 22 23 9
1582 22 22 9
3630 22 23 9
302 22 23 9
2350 22 23 9
1326 22 22 9
3374 22 22 9
814 22 22 9
2862 22 23 9
1838 22 22 9
3886 22 22 9
174 22 23 9
2222 22 23 9
1198 22 22 9
3246 22 22 9
686 22 22 9
2734 1 23 9
1710 22 22 9
3758 22 23 9
430 22 22 9
2478 22 23 9
1454 22 22 9
3502 22 22 9
942 22 22 9
2990 22 23 9
1966 22 22 9
4014 22 23 9
110 22 23 9
2158 22 23 9
1134 22 22 9
3182 22 22 9
622 22 22 9
2670 22 23 9
1646 22 22 9
3694 22 23 9
366 22 22 9
2414 22 23 9
1390 22 22 9
3438 22 22 9
878 22 22 9
2926 22 23 9
1902 22 22 9
3950 22 22 9
238 22 22 9
2286 22 23 9
1262 22 22 9
3310 22 22 9
750 22 22 9
2798 22 23 9
1774 22 22 9
3822 1 23 9
494 22 22 9
2542 22 23 9
1518 22 22 9
3566 22 22 9
1006 22 22 9
3054 1 23 9
2030 22 22 9
4078 1 23 9
30 22 22 9
2078 22 22 9
1054 22 23 9
3102 22 23 9
542 22 23 9
2590 22 23 9
1566 22 22 9
3614 1 23 9
286 22 23 9
2334 22 23 9
1310 22 22 9
3358 22 22 9
798 22 22 9
2846 22 23 9
1822 22 22 9
3870 22 22 9
158 22 23 9
2206 22 23 9
1182 22 22 9
3230 22 22 9
670 22 22 9
2718 22 23 9
1694 22 22 9
3742 22 23 9
414 22 22 9
2462 1 23 9
1438 22 22 9
3486 22 22 9
926 22 22 9
2974 22 23 9
1950 22 22 9
3998 22 23 9
94 22 23 9
2142 22 23 9
1118 22 22 9
3166 22 22 9
606 22 22 9
2654 22 23 9
1630 22 22 9
3678 22 23 9
350 22 22 9
2398 1 23 9
1374 22 22 9
3422 22 22 9
862 22 22 9
2910 1 23 9
1886 22 22 9
3934 22 22 9
222 22 22 9
2270 22 23 9
1246 22 22 9
3294 22 22 9
734 22 22 9
2782 21 23 9
1758 22 22 9
3806 22 23 9
478 22 22 9
2526 22 23 9
1502 22 22 9
3550 22 23 9
990 22 22 9
3038 1 23 9
2014 22 22 9
4062 22 22 9
62 22 23 9
2110 22 23 9
1086 22 22 9
3134 22 22 9
574 22 22 9
2622 22 23 9
1598 22 22 9
3646 22 23 9
318 22 22 9
2366 22 23 9
1342 22 22 9
3390 22 22 9
830 22 22 9
2878 22 23 9
1854 22 22 9
3902 22 22 9
190 22 22 9
2238 22 23 9
1214 22 22 9
3262 22 22 9
702 22 22 9
2750 22 23 9
1726 22 22 9
3774 22 23 9
446 22 22 9
2494 1 23 9
1470 22 22 9
3518 22 22 9
958 22 22 9
3006 22 23 9
1982 22 22 9
4030 1 23 9
126 22 22 9
2174 1 23 9
1150 22 22 9
3198 22 22 9
638 22 22 9
2686 22 23 9
1662 22 22 9
3710 1 23 9
382 22 22 9
2430 22 23 9
1406 22 22 9
3454 22 22 9
894 22 22 9
2942 1 23 9
1918 22 22 9
3966 22 22 9
254 22 22 9
2302 1 23 9
1278 22 22 9
3326 22 22 9
766 22 22 9
2814 1 23 9
1790 21 21 9
3838 1 23 9
510 22 22 9
2558 1 23 9
1534 21 21 9
3582 21 23 9
1022 22 22 9
3070 22 23 9
2046 22 22 9
4094 1 23 9
1 21 23 9
2049 21 23 9
1025 22 22 9
3073 21 22 9
513 21 23 9
2561 21 23 9
1537 22 23 9
3585 21 23 9
257 21 22 9
2305 21 22 9
1281 21 23 9
3329 21 23 9
769 21 23 9
2817 21 23 9
1793 21 23 9
3841 21 23 9
129 22 22 9
2177 22 22 9
1153 22 22 9
3201 22 22 9
641 21 21 9
2689 22 22 9
1665 22 22 9
3713 22 22 9
385 22 23 9
2433 22 23 9
1409 21 23 9
3457 22 23 9
897 22 22 9
2945 22 22 9
1921 22 23 9
3969 22 23 9
65 22 22 9
2113 22 22 9
1089 22 22 9
3137 22 22 9
577 22 22 9
2625 22 22 9
1601 22 22 9
3649 22 22 9
321 22 23 9
2369 21 23 9
1345 22 23 9
3393 22 23 9
833 22 22 9
2881 22 22 9
1857 22 23 9
3905 22 23 9
193 22 23 9
2241 22 23 9
1217 22 23 9
3265 22 23 9
705 22 22 9
2753 22 22 9
1729 22 23 9
3777 22 23 9
449 22 22 9
2497 22 22 9
1473 22 23 9
3521 22 23 9
961 22 23 9
3009 22 23 9
1985 22 22 9
4033 22 23 9
33 22 22 9
2081 22 22 9
1057 22 22 9
3105 22 22 9
545 22 22 9
2593 22 22 9
1569 22 22 9
3617 22 22 9
289 21 23 9
2337 21 23 9
1313 21 23 9
3361 21 23 9
801 22 22 9
2849 22 22 9
1825 22 23 9
3873 22 23 9
161 22 23 9
2209 22 23 9
1185 22 23 9
3233 22 23 9
673 22 22 9
2721 22 22 9
1697 22 23 9
3745 22 23 9
417 22 22 9
2465 22 22 9
1441 22 23 9
3489 22 23 9
929 22 23 9
2977 22 23 9
1953 22 22 9
4001 22 23 9
97 22 23 9
2145 22 23 9
1121 22 23 9
3169 22 23 9
609 22 22 9
2657 22 22 9
1633 22 23 9
3681 22 23 9
353 22 22 9
2401 22 22 9
1377 22 23 9
3425 22 23 9
865 22 23 9
2913 22 23 9
1889 22 22 9
3937 22 23 9
225 22 22 9
2273 22 22 9
1249 22 23 9
3297 22 23 9
737 22 23 9
2785 22 23 9
1761 22 22 9
3809 21 23 9
481 22 23 9
2529 22 23 9
1505 22 22 9
3553 22 22 9
993 22 22 9
3041 22 23 9
2017 22 22 9
4065 22 23 9
17 22 22 9
2065 22 22 9
1041 22 22 9
3089 22 22 9
529 22 22 9
2577 22 22 9
1553 22 22 9
3601 22 22 9
273 22 23 9
2321 22 23 9
1297 22 23 9
3345 22 23 9
785 22 22 9
2833 22 22 9
1809 22 23 9
3857 22 23 9
145 22 23 9
2193 22 23 9
1169 22 23 9
3217 22 23 9
657 22 22 9
2705 22 22 9
1681 22 23 9
3729 22 23 9
401 22 22 9
2449 22 22 9
1425 22 23 9
3473 22 23 9
913 22 23 9
2961 22 23 9
1937 22 22 9
3985 22 23 9
81 21 23 9
2129 22 23 9
1105 22 23 9
3153 22 23 9
593 22 22 9
2641 22 22 9
1617 22 23 9
3665 22 23 9
337 22 22 9
2385 22 22 9
1361 21 23 9
3409 22 23 9
849 22 23 9
2897 22 23 9
1873 22 22 9
3921 22 23 9
209 22 22 9
2257 22 22 9
1233 22 23 9
3281 22 23 9
721 22 23 9
2769 22 23 9
1745 22 22 9
3793 22 23 9
465 22 23 9
2513 22 23 9
1489 22 22 9
3537 22 22 9
977 22 22 9
3025 22 23 9
2001 22 22 9
4049 22 22 9
49 22 23 9
2097 22 23 9
1073 22 23 9
3121 22 23 9
561 22 22 9
2609 22 22 9
1585 22 23 9
3633 22 23 9
305 22 22 9
2353 22 22 9
1329 22 23 9
3377 22 23 9
817 22 23 9
2865 22 23 9
1841 22 22 9
3889 22 23 9
177 22 22 9
2225 22 22 9
1201 22 23 9
3249 22 23 9
689 22 23 9
2737 22 23 9
1713 22 22 9
3761 22 23 9
433 22 23 9
2481 22 23 9
1457 22 22 9
3505 22 22 9
945 22 22 9
2993 22 23 9
1969 22 22 9
4017 22 23 9
113 22 22 9
2161 22 22 9
1137 22 23 9
3185 22 23 9
625 22 23 9
2673 22 23 9
1649 22 22 9
3697 22 23 9
369 22 23 9
2417 22 23 9
1393 22 22 9
3441 22 22 9
881 22 22 9
2929 22 23 9
1905 22 22 9
3953 22 22 9
241 22 23 9
2289 22 23 9
1265 22 22 9
3313 22 22 9
753 22 22 9
2801 22 23 9
1777 22 22 9
3825 22 23 9
497 22 22 9
2545 1 23 9
1521 22 22 9
3569 22 22 9
1009 22 22 9
3057 1 23 9
2033 22 22 9
4081 22 22 9
9 21 21 9
2057 22 22 9
1033 22 22 9
3081 22 22 9
521 22 22 9
2569 22 22 9
1545 22 22 9
3593 22 22 9
265 22 23 9
2313 22 23 9
1289 22 23 9
3337 21 23 9
777 22 22 9
2825 22 22 9
1801 22 23 9
3849 22 23 9
137 22 23 9
2185 22 23 9
1161 22 23 9
3209 22 23 9
649 22 22 9
2697 22 22 9
1673 22 23 9
3721 22 23 9
393 22 22 9
2441 22 22 9
1417 22 23 9
3465 22 23 9
905 22 23 9
2953 22 23 9
1929 22 22 9
3977 22 23 9
73 21 23 9
2121 21 23 9
1097 21 23 9
3145 21 23 9
585 22 22 9
2633 22 22 9
1609 22 23 9
3657 22 23 9
329 22 22 9
2377 22 22 9
1353 22 23 9
3401 22 23 9
841 22 23 9
2889 21 23 9
1865 22 22 9
3913 22 23 9
201 22 22 9
2249 22 22 9
1225 22 23 9
3273 22 23 9
713 22 23 9
2761 22 23 9
1737 22 22 9
3785 1 23 9
457 22 23 9
2505 22 23 9
1481 22 22 9
3529 22 22 9
969 22 22 9
3017 22 23 9
1993 22 22 9
4041 22 22 9
41 22 23 9
2089 22 23 9
1065 22 23 9
3113 22 23 9
553 22 22 9
2601 22 22 9
1577 22 23 9
3625 22 23 9
297 22 22 9
2345 22 22 9
1321 22 23 9
3369 22 23 9
809 22 23 9
2857 22 23 9
1833 22 22 9
3881 22 23 9
169 22 22 9
2217 22 22 9
1193 22 23 9
3241 22 23 9
681 22 23 9
2729 22 23 9
1705 22 22 9
3753 1 23 9
425 22 23 9
2473 22 23 9
1449 22 22 9
3497 22 22 9
937 22 22 9
2985 1 23 9
1961 22 22 9
4009 22 23 9
105 22 22 9
2153 22 22 9
1129 22 23 9
3177 22 23 9
617 22 23 9
2665 22 23 9
1641 22 22 9
3689 22 23 9
361 22 23 9
2409 22 23 9
1385 22 22 9
3433 22 22 9
873 22 22 9
2921 1 23 9
1897 22 22 9
3945 22 22 9
233 22 23 9
2281 22 23 9
1257 22 22 9
3305 22 22 9
745 22 22 9
2793 22 23 9
1769 22 22 9
3817 22 23 9
489 22 22 9
2537 22 23 9
1513 22 22 9
3561 22 22 9
1001 22 22 9
3049 1 23 9
2025 22 22 9
4073 22 23 9
25 22 23 9
2073 22 23 9
1049 22 23 9
3097 22 23 9
537 22 22 9
2585 22 22 9
1561 22 23 9
3609 22 23 9
281 22 22 9
2329 22 22 9
1305 22 23 9
3353 22 23 9
793 22 23 9
2841 22 23 9
1817 22 22 9
3865 22 23 9
153 22 22 9
2201 22 22 9
1177 22 23 9
3225 21 23 9
665 22 23 9
2713 22 23 9
1689 22 22 9
3737 1 23 9
409 22 23 9
2457 22 23 9
1433 22 22 9
3481 22 22 9
921 22 22 9
2969 22 23 9
1945 22 22 9
3993 22 23 9
89 22 22 9
2137 22 22 9
1113 22 23 9
3161 22 23 9
601 22 23 9
2649 22 23 9
1625 22 22 9
3673 21 23 9
345 22 23 9
2393 22 23 9
1369 22 22 9
3417 22 22 9
857 22 22 9
2905 1 23 9
1881 22 22 9
3929 22 22 9
217 22 23 9
2265 22 23 9
1241 22 22 9
3289 22 22 9
729 22 22 9
2777 22 23 9
1753 22 22 9
3801 22 23 9
473 22 22 9
2521 22 23 9
1497 22 22 9
3545 22 22 9
985 22 22 9
3033 1 23 9
2009 22 22 9
4057 22 22 9
57 22 22 9
2105 22 22 9
1081 22 23 9
3129 22 23 9
569 22 23 9
2617 22 23 9
1593 22 22 9
3641 22 23 9
313 22 23 9
2361 22 23 9
1337 22 22 9
3385 22 22 9
825 22 22 9
2873 1 23 9
1849 22 22 9
3897 22 22 9
185 22 23 9
2233 22 23 9
1209 22 22 9
3257 22 22 9
697 22 22 9
2745 22 23 9
1721 22 22 9
3769 22 23 9
441 22 22 9
2489 22 23 9
1465 22 22 9
3513 22 22 9
953 22 22 9
3001 1 23 9
1977 22 22 9
4025 20 23 9
121 22 23 9
2169 22 23 9
1145 22 22 9
3193 22 22 9
633 22 22 9
2681 22 23 9
1657 22 22 9
3705 22 23 9
377 22 22 9
2425 22 23 9
1401 22 22 9
3449 22 22 9
889 22 22 9
2937 22 23 9
1913 22 22 9
3961 22 22 9
249 22 22 9
2297 22 23 9
1273 22 22 9
3321 22 22 9
761 22 22 9
2809 22 23 9
1785 22 22 9
3833 1 23 9
505 22 22 9
2553 22 23 9
1529 22 22 9
3577 22 22 9
1017 22 22 9
3065 1 23 9
2041 22 22 9
4089 22 23 9
5 22 22 9
2053 22 22 9
1029 22 22 9
3077 22 22 9
517 22 22 9
2565 22 22 9
1541 22 22 9
3589 22 22 9
261 22 23 9
2309 22 23 9
1285 22 23 9
3333 22 23 9
773 22 22 9
2821 22 22 9
1797 22 23 9
3845 22 23 9
133 22 23 9
2181 21 23 9
1157 22 23 9
3205 22 23 9
645 22 22 9
2693 22 22 9
1669 22 23 9
3717 22 23 9
389 22 22 9
2437 22 22 9
1413 22 23 9
3461 22 23 9
901 22 23 9
2949 22 23 9
1925 22 22 9
3973 22 23 9
69 21 23 9
2117 22 23 9
1093 22 23 9
3141 22 23 9
581 22 22 9
2629 22 22 9
1605 22 23 9
3653 22 23 9
325 22 22 9
2373 22 22 9
1349 22 23 9
3397 22 23 9
837 22 23 9
2885 22 23 9
1861 22 22 9
3909 22 23 9
197 22 22 9
2245 22 22 9
1221 22 23 9
3269 22 23 9
709 22 23 9
2757 22 23 9
1733 22 22 9
3781 22 23 9
453 22 23 9
2501 22 23 9
1477 22 22 9
3525 22 22 9
965 22 22 9
3013 1 23 9
1989 22 22 9
4037 22 22 9
37 22 23 9
2085 22 23 9
1061 22 23 9
3109 22 23 9
549 22 22 9
2597 22 22 9
1573 22 23 9
3621 22 23 9
293 22 22 9
2341 22 22 9
1317 22 23 9
3365 22 23 9
805 22 23 9
2853 22 23 9
1829 22 22 9
3877 22 23 9
165 22 22 9
2213 22 22 9
1189 22 23 9
3237 22 23 9
677 22 23 9
2725 21 23 9
1701 22 22 9
3749 22 23 9
421 22 23 9
2469 22 23 9
1445 22 22 9
3493 22 22 9
933 22 22 9
2981 22 23 9
1957 22 22 9
4005 22 23 9
101 22 22 9
2149 22 22 9
1125 22 23 9
3173 22 23 9
613 22 23 9
2661 22 23 9
1637 22 22 9
3685 22 23 9
357 22 23 9
2405 22 23 9
1381 22 22 9
3429 22 22 9
869 22 22 9
2917 1 23 9
1893 22 22 9
3941 22 22 9
229 22 23 9
2277 22 23 9
1253 22 22 9
3301 22 22 9
741 22 22 9
2789 22 23 9
1765 22 22 9
3813 22 23 9
485 22 22 9
2533 22 23 9
1509 22 22 9
3557 22 22 9
997 22 22 9
3045 22 23 9
2021 22 22 9
4069 1 23 9
21 22 23 9
2069 22 23 9
1045 22 23 9
3093 22 23 9
533 22 22 9
2581 22 22 9
1557 22 23 9
3605 22 23 9
277 22 22 9
2325 22 22 9
1301 22 23 9
3349 22 23 9
789 22 23 9
2837 22 23 9
1813 22 22 9
3861 22 23 9
149 22 22 9
2197 22 22 9
1173 22 23 9
3221 22 23 9
661 22 23 9
2709 22 23 9
1685 22 22 9
3733 1 23 9
405 22 23 9
2453 22 23 9
1429 22 22 9
3477 22 22 9
917 22 22 9
2965 22 23 9
1941 22 22 9
3989 22 23 9
85 22 22 9
2133 22 22 9
1109 21 23 9
3157 22 23 9
597 22 23 9
2645 22 23 9
1621 22 22 9
3669 1 23 9
341 22 23 9
2389 21 23 9
1365 22 22 9
3413 22 22 9
853 22 22 9
2901 22 23 9
1877 22 22 9
3925 22 22 9
213 22 23 9
2261 22 23 9
1237 22 22 9
3285 22 22 9
725 22 22 9
2773 1 23 9
1749 22 22 9
3797 22 23 9
469 22 22 9
2517 22 23 9
1493 22 22 9
3541 22 22 9
981 22 22 9
3029 1 23 9
2005 22 22 9
4053 22 22 9
53 22 22 9
2101 22 22 9
1077 22 23 9
3125 22 23 9
565 22 23 9
2613 22 23 9
1589 22 22 9
3637 22 23 9
309 22 23 9
2357 22 23 9
1333 22 22 9
3381 22 22 9
821 22 22 9
2869 20 23 9
1845 22 22 9
3893 22 22 9
181 22 23 9
2229 22 23 9
1205 22 22 9
3253 22 22 9
693 22 22 9
2741 22 23 9
1717 22 22 9
3765 1 23 9
437 22 22 9
2485 22 23 9
1461 22 22 9
3509 22 22 9
949 22 22 9
2997 22 23 9
1973 22 22 9
4021 22 23 9
117 22 23 9
2165 22 23 9
1141 22 22 9
3189 22 22 9
629 22 22 9
2677 22 23 9
1653 22 22 9
3701 1 23 9
373 22 22 9
2421 1 23 9
1397 22 22 9
3445 22 22 9
885 22 22 9
2933 22 23 9
1909 22 22 9
3957 22 22 9
245 22 22 9
2293 22 23 9
1269 22 22 9
3317 22 22 9
757 22 22 9
2805 22 23 9
1781 22 22 9
3829 22 23 9
501 22 22 9
2549 22 23 9
1525 22 22 9
3573 22 22 9
1013 22 22 9
3061 22 23 9
2037 22 22 9
4085 22 22 9
13 22 23 9
2061 22 23 9
1037 22 23 9
3085 22 23 9
525 22 22 9
2573 22 22 9
1549 22 23 9
3597 22 23 9
269 22 22 9
2317 22 22 9
1293 22 23 9
3341 22 23 9
781 22 23 9
2829 22 23 9
1805 22 22 9
3853 22 23 9
141 22 22 9
2189 22 22 9
1165 22 23 9
3213 22 23 9
653 22 23 9
2701 22 23 9
1677 22 22 9
3725 1 23 9
397 22 23 9
2445 22 23 9
1421 22 22 9
3469 22 22 9
909 22 22 9
2957 22 23 9
1933 22 22 9
3981 22 23 9
77 22 22 9
2125 22 22 9
1101 22 23 9
3149 22 23 9
589 22 23 9
2637 22 23 9
1613 22 22 9
3661 22 23 9
333 22 23 9
2381 22 23 9
1357 22 22 9
3405 22 22 9
845 22 22 9
2893 22 23 9
1869 22 22 9
3917 22 22 9
205 22 23 9
2253 22 23 9
1229 22 22 9
3277 22 22 9
717 22 22 9
2765 1 23 9
1741 22 22 9
3789 22 23 9
461 22 22 9
2509 22 23 9
1485 22 22 9
3533 22 22 9
973 22 22 9
3021 1 23 9
1997 22 22 9
4045 22 22 9
45 22 22 9
2093 22 22 9
1069 22 23 9
3117 22 23 9
557 22 23 9
2605 22 23 9
1581 22 22 9
3629 22 23 9
301 22 23 9
2349 22 23 9
1325 22 22 9
3373 22 22 9
813 22 22 9
2861 22 23 9
1837 22 22 9
3885 22 22 9
173 22 23 9
2221 22 23 9
1197 22 22 9
3245 22 22 9
685 22 22 9
2733 22 23 9
1709 22 22 9
3757 1 23 9
429 22 22 9
2477 1 23 9
1453 22 22 9
3501 22 22 9
941 22 22 9
2989 22 23 9
1965 22 22 9
4013 22 23 9
109 22 23 9
2157 22 23 9
1133 22 22 9
3181 22 22 9
621 22 22 9
2669 22 23 9
1645 22 22 9
3693 22 23 9
365 22 22 9
2413 22 23 9
1389 22 22 9
3437 22 22 9
877 22 22 9
2925 1 23 9
1901 22 22 9
3949 22 22 9
237 22 22 9
2285 22 23 9
1261 22 22 9
3309 22 22 9
749 22 22 9
2797 22 23 9
1773 22 22 9
3821 1 23 9
493 22 22 9
2541 22 23 9
1517 22 22 9
3565 22 22 9
1005 22 22 9
3053 1 23 9
2029 22 22 9
4077 22 23 9
29 22 22 9
2077 22 22 9
1053 22 23 9
3101 22 23 9
541 22 23 9
2589 22 23 9
1565 22 22 9
3613 22 23 9
285 22 23 9
2333 22 23 9
1309 22 22 9
3357 22 22 9
797 22 22 9
2845 22 23 9
1821 22 22 9
3869 22 22 9
157 22 23 9
2205 22 23 9
1181 23 23 9
3229 22 22 9
669 22 22 9
2717 22 23 9
1693 22 22 9
3741 22 23 9
413 22 22 9
2461 22 23 9
1437 22 22 9
3485 22 22 9
925 22 22 9
2973 1 23 9
1949 22 22 9
3997 1 23 9
93 22 23 9
2141 22 22 9
1117 22 22 9
3165 22 22 9
605 22 22 9
2653 22 23 9
1629 22 22 9
3677 22 23 9
349 22 22 9
2397 22 23 9
1373 22 22 9
3421 22 22 9
861 22 22 9
2909 1 23 9
1885 22 22 9
3933 22 22 9
221 22 22 9
2269 22 23 9
1245 22 22 9
3293 22 22 9
733 22 22 9
2781 22 23 9
1757 22 22 9
3805 1 23 9
477 22 22 9
2525 22 23 9
1501 22 22 9
3549 22 22 9
989 22 22 9
3037 1 23 9
2013 22 22 9
4061 22 22 9
61 22 23 9
2109 22 22 9
1085 22 22 9
3133 22 22 9
573 22 22 9
2621 22 23 9
1597 22 22 9
3645 1 23 9
317 22 22 9
2365 22 23 9
1341 22 22 9
3389 22 22 9
829 22 22 9
2877 1 23 9
1853 22 22 9
3901 22 22 9
189 22 22 9
2237 22 23 9
1213 22 22 9
3261 22 22 9
701 22 22 9
2749 22 23 9
1725 22 22 9
3773 1 23 9
445 22 22 9
2493 1 23 9
1469 22 22 9
3517 22 22 9
957 22 22 9
3005 1 23 9
1981 22 22 9
4029 21 23 9
125 22 22 9
2173 22 23 9
1149 22 22 9
3197 22 22 9
637 22 22 9
2685 1 23 9
1661 22 22 9
3709 1 23 9
381 22 22 9
2429 22 23 9
1405 22 22 9
3453 22 22 9
893 22 22 9
2941 1 23 9
1917 22 22 9
3965 22 22 9
253 22 22 9
2301 22 23 9
1277 22 22 9
3325 22 22 9
765 22 22 9
2813 1 23 9
1789 22 22 9
3837 1 23 9
509 22 22 9
2557 1 23 9
1533 22 22 9
3581 22 22 9
1021 22 22 9
3069 22 23 9
2045 21 21 9
4093 21 21 9
3 22 22 9
2051 21 21 9
1027 22 22 9
3075 22 22 9
515 21 21 9
2563 22 22 9
1539 22 22 9
3587 22 22 9
259 22 23 9
2307 21 23 9
1283 22 23 9
3331 22 23 9
771 22 22 9
2819 22 22 9
1795 22 23 9
3843 22 22 9
131 22 23 9
2179 22 23 9
1155 22 23 9
3203 22 23 9
643 22 22 9
2691 22 22 9
1667 22 23 9
3715 22 22 9
387 22 22 9
2435 22 22 9
1411 22 23 9
3459 22 22 9
899 22 23 9
2947 22 22 9
1923 22 22 9
3971 22 23 9
67 22 23 9
2115 22 23 9
1091 22 23 9
3139 22 23 9
579 22 22 9
2627 22 22 9
1603 22 23 9
3651 22 22 9
323 22 22 9
2371 22 22 9
1347 22 23 9
3395 22 22 9
835 22 23 9
2883 22 22 9
1859 22 22 9
3907 22 23 9
195 22 22 9
2243 22 22 9
1219 22 23 9
3267 22 22 9
707 22 23 9
2755 22 22 9
1731 22 22 9
3779 22 23 9
451 22 23 9
2499 22 22 9
1475 22 22 9
3523 22 22 9
963 22 22 9
3011 22 23 9
1987 22 22 9
4035 22 22 9
35 22 23 9
2083 22 23 9
1059 22 23 9
3107 22 23 9
547 22 22 9
2595 22 22 9
1571 22 23 9
3619 22 22 9
291 22 22 9
2339 22 22 9
1315 22 23 9
3363 22 22 9
803 22 23 9
2851 22 22 9
1827 22 22 9
3875 22 23 9
163 22 22 9
2211 22 22 9
1187 22 23 9
3235 22 22 9
675 22 23 9
2723 22 22 9
1699 22 22 9
3747 22 23 9
419 22 23 9
2467 22 22 9
1443 22 22 9
3491 22 22 9
931 22 22 9
2979 22 23 9
1955 22 22 9
4003 22 23 9
99 22 22 9
2147 22 22 9
1123 22 23 9
3171 22 22 9
611 22 23 9
2659 22 22 9
1635 22 22 9
3683 22 23 9
355 22 23 9
2403 22 22 9
1379 22 22 9
3427 22 22 9
867 22 22 9
2915 22 23 9
1891 22 22 9
3939 22 22 9
227 22 23 9
2275 22 22 9
1251 22 22 9
3299 22 22 9
739 22 22 9
2787 22 23 9
1763 22 22 9
3811 22 23 9
483 22 22 9
2531 22 23 9
1507 22 22 9
3555 22 22 9
995 22 22 9
3043 1 23 9
2019 22 22 9
4067 22 23 9
19 22 23 9
2067 22 23 9
1043 22 23 9
3091 22 23 9
531 22 22 9
2579 22 22 9
1555 22 23 9
3603 22 22 9
275 22 22 9
2323 22 22 9
1299 22 23 9
3347 22 22 9
787 22 23 9
2835 22 22 9
1811 22 22 9
3859 22 23 9
147 22 22 9
2195 22 22 9
1171 21 23 9
3219 22 22 9
659 22 23 9
2707 22 22 9
1683 22 22 9
3731 22 23 9
403 22 23 9
2451 22 22 9
1427 22 22 9
3475 22 22 9
915 22 22 9
2963 22 23 9
1939 22 22 9
3987 22 23 9
83 22 22 9
2131 22 22 9
1107 22 23 9
3155 22 22 9
595 22 23 9
2643 22 22 9
1619 22 22 9
3667 22 23 9
339 22 23 9
2387 22 22 9
1363 22 22 9
3411 22 22 9
851 22 22 9
2899 22 23 9
1875 22 22 9
3923 22 22 9
211 22 23 9
2259 22 22 9
1235 22 22 9
3283 22 22 9
723 22 22 9
2771 22 23 9
1747 22 22 9
3795 22 23 9
467 22 22 9
2515 22 23 9
1491 22 22 9
3539 22 22 9
979 22 22 9
3027 1 23 9
2003 22 22 9
4051 22 22 9
51 22 22 9
2099 22 22 9
1075 22 23 9
3123 22 22 9
563 22 23 9
2611 22 22 9
1587 22 22 9
3635 1 23 9
307 22 23 9
2355 22 22 9
1331 22 22 9
3379 22 22 9
819 22 22 9
2867 22 23 9
1843 22 22 9
3891 22 22 9
179 22 23 9
2227 22 22 9
1203 22 22 9
3251 22 22 9
691 22 22 9
2739 22 23 9
1715 22 22 9
3763 22 23 9
435 22 22 9
2483 22 23 9
1459 22 22 9
3507 22 22 9
947 22 22 9
2995 1 23 9
1971 22 22 9
4019 22 23 9
115 22 23 9
2163 22 22 9
1139 22 22 9
3187 22 22 9
627 22 22 9
2675 22 23 9
1651 22 22 9
3699 1 23 9
371 22 22 9
2419 22 23 9
1395 22 22 9
3443 22 22 9
883 22 22 9
2931 1 23 9
1907 22 22 9
3955 22 22 9
243 22 22 9
2291 22 23 9
1267 22 22 9
3315 22 22 9
755 22 22 9
2803 21 23 9
1779 22 22 9
3827 1 23 9
499 22 22 9
2547 1 23 9
1523 22 22 9
3571 22 22 9
1011 22 22 9
3059 1 23 9
2035 22 22 9
4083 22 22 9
11 22 23 9
2059 22 23 9
1035 22 23 9
3083 22 23 9
523 22 22 9
2571 22 22 9
1547 22 23 9
3595 22 22 9
267 22 22 9
2315 22 22 9
1291 22 23 9
3339 22 22 9
779 22 23 9
2827 22 22 9
1803 22 22 9
3851 22 23 9
139 22 22 9
2187 22 22 9
1163 22 23 9
3211 22 22 9
651 22 23 9
2699 22 22 9
1675 22 22 9
3723 22 23 9
395 22 23 9
2443 22 22 9
1419 22 22 9
3467 22 22 9
907 22 22 9
2955 22 23 9
1931 22 22 9
3979 22 23 9
75 22 22 9
2123 22 22 9
1099 22 23 9
3147 22 22 9
587 22 23 9
2635 22 22 9
1611 22 22 9
3659 22 23 9
331 22 23 9
2379 22 22 9
1355 22 22 9
3403 22 22 9
843 22 22 9
2891 22 23 9
1867 22 22 9
3915 22 22 9
203 22 23 9
2251 22 22 9
1227 22 22 9
3275 22 22 9
715 22 22 9
2763 22 23 9
1739 22 22 9
3787 1 23 9
459 22 22 9
2507 22 23 9
1483 22 22 9
3531 22 22 9
971 22 22 9
3019 22 23 9
1995 22 22 9
4043 22 22 9
43 22 22 9
2091 22 22 9
1067 22 23 9
3115 22 22 9
555 22 23 9
2603 22 22 9
1579 22 22 9
3627 22 23 9
299 22 23 9
2347 22 22 9
1323 22 22 9
3371 22 22 9
811 22 22 9
2859 22 23 9
1835 22 22 9
3883 22 22 9
171 22 23 9
2219 22 22 9
1195 22 22 9
3243 22 22 9
683 22 22 9
2731 21 23 9
1707 22 22 9
3755 22 23 9
427 22 22 9
2475 1 23 9
1451 22 22 9
3499 22 22 9
939 22 22 9
2987 1 23 9
1963 22 22 9
4011 22 23 9
107 22 23 9
2155 22 22 9
1131 22 22 9
3179 22 22 9
619 22 22 9
2667 22 23 9
1643 22 22 9
3691 1 23 9
363 22 22 9
2411 22 23 9
1387 22 22 9
3435 22 22 9
875 22 22 9
2923 1 23 9
1899 22 22 9
3947 22 22 9
235 22 22 9
2283 22 23 9
1259 22 22 9
3307 22 22 9
747 22 22 9
2795 22 23 9
1771 22 22 9
3819 1 23 9
491 22 22 9
2539 1 23 9
1515 22 22 9
3563 22 22 9
1003 22 22 9
3051 21 23 9
2027 22 22 9
4075 22 23 9
27 22 22 9
2075 22 22 9
1051 22 23 9
3099 22 22 9
539 22 23 9
2587 22 22 9
1563 22 22 9
3611 1 23 9
283 22 23 9
2331 22 22 9
1307 22 22 9
3355 22 22 9
795 22 22 9
2843 22 23 9
1819 22 22 9
3867 22 22 9
155 22 23 9
2203 22 22 9
1179 22 22 9
3227 22 22 9
667 22 22 9
2715 22 23 9
1691 22 22 9
3739 22 23 9
411 22 22 9
2459 1 23 9
1435 22 22 9
3483 22 22 9
923 22 22 9
2971 1 23 9
1947 22 22 9
3995 1 23 9
91 22 23 9
2139 22 22 9
1115 22 22 9
3163 22 22 9
603 22 22 9
2651 22 23 9
1627 22 22 9
3675 1 23 9
347 22 22 9
2395 22 23 9
1371 22 22 9
3419 22 22 9
859 22 22 9
2907 1 23 9
1883 22 22 9
3931 22 22 9
219 22 22 9
2267 21 23 9
1243 22 22 9
3291 22 22 9
731 22 22 9
2779 22 23 9
1755 22 22 9
3803 1 23 9
475 22 22 9
2523 1 23 9
1499 22 22 9
3547 22 22 9
987 22 22 9
3035 1 23 9
2011 22 22 9
4059 22 22 9
59 22 23 9
2107 22 22 9
1083 22 22 9
3131 22 22 9
571 22 22 9
2619 22 23 9
1595 22 22 9
3643 22 23 9
315 22 22 9
2363 22 23 9
1339 22 22 9
3387 22 22 9
827 22 22 9
2875 1 23 9
1851 22 22 9
3899 22 22 9
187 22 22 9
2235 22 23 9
1211 22 22 9
3259 22 22 9
699 22 22 9
2747 1 23 9
1723 22 22 9
3771 22 23 9
443 22 22 9
2491 1 23 9
1467 22 22 9
3515 22 22 9
955 22 22 9
3003 22 23 9
1979 22 22 9
4027 1 23 9
123 22 22 9
2171 22 23 9
1147 22 22 9
3195 22 22 9
635 22 22 9
2683 22 23 9
1659 22 22 9
3707 1 23 9
379 22 22 9
2427 1 23 9
1403 22 22 9
3451 22 22 9
891 22 22 9
2939 1 23 9
1915 21 21 9
3963 22 22 9
251 22 22 9
2299 1 23 9
1275 22 22 9
3323 22 22 9
763 22 22 9
2811 21 23 9
1787 22 22 9
3835 22 23 9
507 22 22 9
2555 1 23 9
1531 22 22 9
3579 22 22 9
1019 22 22 9
3067 1 23 9
2043 21 21 9
4091 21 23 9
7 22 23 9
2055 22 23 9
1031 22 23 9
3079 22 23 9
519 22 22 9
2567 22 22 9
1543 22 23 9
3591 22 22 9
263 22 22 9
2311 22 22 9
1287 22 23 9
3335 22 22 9
775 22 23 9
2823 22 22 9
1799 22 22 9
3847 22 23 9
135 22 22 9
2183 22 22 9
1159 22 23 9
3207 22 22 9
647 22 23 9
2695 22 22 9
1671 22 22 9
3719 22 23 9
391 22 23 9
2439 22 22 9
1415 22 22 9
3463 22 22 9
903 22 22 9
2951 1 23 9
1927 22 22 9
3975 22 23 9
71 22 22 9
2119 22 22 9
1095 22 23 9
3143 22 22 9
583 22 23 9
2631 22 22 9
1607 22 22 9
3655 22 23 9
327 22 23 9
2375 22 22 9
1351 22 22 9
3399 22 22 9
839 22 22 9
2887 22 23 9
1863 22 22 9
3911 22 22 9
199 22 23 9
2247 22 22 9
1223 22 22 9
3271 22 22 9
711 22 22 9
2759 22 23 9
1735 22 22 9
3783 22 23 9
455 22 22 9
2503 22 23 9
1479 22 22 9
3527 22 22 9
967 22 22 9
3015 1 23 9
1991 22 22 9
4039 22 22 9
39 22 22 9
2087 22 22 9
1063 22 23 9
3111 22 22 9
551 22 23 9
2599 22 22 9
1575 22 22 9
3623 22 23 9
295 22 23 9
2343 22 22 9
1319 22 22 9
3367 22 23 9
807 22 22 9
2855 22 23 9
1831 22 22 9
3879 22 22 9
167 22 23 9
2215 22 22 9
1191 22 22 9
3239 22 22 9
679 22 22 9
2727 22 23 9
1703 22 22 9
3751 22 23 9
423 22 22 9
2471 22 23 9
1447 22 22 9
3495 22 22 9
935 22 22 9
2983 22 23 9
1959 22 22 9
4007 22 23 9
103 22 23 9
2151 22 22 9
1127 22 22 9
3175 22 22 9
615 22 22 9
2663 22 23 9
1639 22 22 9
3687 22 23 9
359 22 22 9
2407 22 23 9
1383 22 22 9
3431 22 22 9
871 22 22 9
2919 21 23 9
1895 22 22 9
3943 22 22 9
231 22 22 9
2279 22 23 9
1255 22 22 9
3303 22 22 9
743 22 22 9
2791 1 23 9
1767 22 22 9
3815 1 23 9
487 22 22 9
2535 1 23 9
1511 22 22 9
3559 22 22 9
999 22 22 9
3047 1 23 9
2023 22 22 9
4071 22 23 9
23 22 22 9
2071 22 22 9
1047 22 23 9
3095 22 22 9
535 22 23 9
2583 22 22 9
1559 22 22 9
3607 22 22 9
279 22 23 9
2327 22 22 9
1303 22 22 9
3351 22 22 9
791 22 22 9
2839 22 23 9
1815 22 22 9
3863 22 22 9
151 22 23 9
2199 22 22 9
1175 22 22 9
3223 22 22 9
663 22 22 9
2711 22 23 9
1687 22 22 9
3735 22 23 9
407 22 22 9
2455 22 23 9
1431 22 22 9
3479 22 22 9
919 22 22 9
2967 22 23 9
1943 22 22 9
3991 22 23 9
87 22 23 9
2135 22 22 9
1111 22 22 9
3159 22 22 9
599 22 22 9
2647 1 23 9
1623 22 22 9
3671 1 23 9
343 22 22 9
2391 22 23 9
1367 22 22 9
3415 22 22 9
855 22 22 9
2903 22 23 9
1879 22 22 9
3927 22 22 9
215 22 22 9
2263 22 23 9
1239 22 22 9
3287 22 22 9
727 22 22 9
2775 1 23 9
1751 22 22 9
3799 1 23 9
471 23 23 9
2519 22 23 9
1495 22 22 9
3543 22 22 9
983 22 22 9
3031 1 23 9
2007 22 22 9
4055 22 22 9
55 22 23 9
2103 22 22 9
1079 22 22 9
3127 22 22 9
567 22 22 9
2615 22 23 9
1591 22 22 9
3639 22 23 9
311 22 22 9
2359 1 23 9
1335 22 22 9
3383 22 22 9
823 22 22 9
2871 1 23 9
1847 22 22 9
3895 22 22 9
183 22 22 9
2231 22 23 9
1207 22 22 9
3255 22 22 9
695 22 22 9
2743 22 23 9
1719 22 22 9
3767 22 23 9
439 22 22 9
2487 1 23 9
1463 22 22 9
3511 22 22 9
951 22 22 9
2999 1 23 9
1975 22 22 9
4023 22 23 9
119 22 22 9
2167 22 23 9
1143 22 22 9
3191 22 22 9
631 22 22 9
2679 22 23 9
1655 22 22 9
3703 1 23 9
375 22 22 9
2423 22 23 9
1399 22 22 9
3447 22 22 9
887 22 22 9
2935 22 23 9
1911 22 22 9
3959 22 22 9
247 22 22 9
2295 22 23 9
1271 22 22 9
3319 22 22 9
759 22 22 9
2807 1 23 9
1783 22 22 9
3831 22 23 9
503 22 22 9
2551 1 23 9
1527 22 22 9
3575 22 22 9
1015 22 22 9
3063 22 23 9
2039 22 22 9
4087 22 23 9
15 22 22 9
2063 22 22 9
1039 22 23 9
3087 22 22 9
527 22 23 9
2575 22 22 9
1551 22 22 9
3599 22 23 9
271 22 23 9
2319 22 22 9
1295 22 22 9
3343 22 22 9
783 22 22 9
2831 22 23 9
1807 22 22 9
3855 22 22 9
143 22 23 9
2191 22 22 9
1167 22 22 9
3215 22 22 9
655 22 22 9
2703 22 23 9
1679 22 22 9
3727 22 23 9
399 22 22 9
2447 22 23 9
1423 22 22 9
3471 22 22 9
911 22 22 9
2959 1 23 9
1935 22 22 9
3983 1 23 9
79 22 23 9
2127 22 22 9
1103 22 22 9
3151 22 22 9
591 22 22 9
2639 22 23 9
1615 22 22 9
3663 21 23 9
335 22 22 9
2383 22 23 9
1359 22 22 9
3407 22 22 9
847 22 22 9
2895 1 23 9
1871 22 22 9
3919 22 22 9
207 22 22 9
2255 22 23 9
1231 22 22 9
3279 22 22 9
719 22 22 9
2767 1 23 9
1743 22 22 9
3791 22 23 9
463 22 22 9
2511 22 23 9
1487 22 22 9
3535 22 22 9
975 22 22 9
3023 1 23 9
1999 22 22 9
4047 22 22 9
47 22 23 9
2095 22 22 9
1071 22 22 9
3119 22 22 9
559 22 22 9
2607 22 23 9
1583 22 22 9
3631 1 23 9
303 22 22 9
2351 22 23 9
1327 22 22 9
3375 22 22 9
815 22 22 9
2863 1 23 9
1839 22 22 9
3887 22 22 9
175 22 22 9
2223 22 23 9
1199 22 22 9
3247 22 22 9
687 22 22 9
2735 22 23 9
1711 22 22 9
3759 1 23 9
431 22 22 9
2479 22 23 9
1455 22 22 9
3503 22 22 9
943 22 22 9
2991 1 23 9
1967 22 22 9
4015 1 23 9
111 22 22 9
2159 22 23 9
1135 22 22 9
3183 22 23 9
623 22 22 9
2671 22 23 9
1647 22 22 9
3695 22 23 9
367 22 22 9
2415 1 23 9
1391 22 22 9
3439 22 22 9
879 22 22 9
2927 1 23 9
1903 22 22 9
3951 22 22 9
239 22 22 9
2287 1 23 9
1263 22 22 9
3311 22 22 9
751 22 22 9
2799 1 23 9
1775 22 22 9
3823 22 23 9
495 22 22 9
2543 1 23 9
1519 22 22 9
3567 22 23 9
1007 22 22 9
3055 1 23 9
2031 22 22 9
4079 1 23 9
31 22 23 9
2079 22 22 9
1055 22 22 9
3103 22 22 9
543 22 22 9
2591 22 23 9
1567 22 22 9
3615 22 23 9
287 22 22 9
2335 22 23 9
1311 22 22 9
3359 22 22 9
799 22 22 9
2847 22 23 9
1823 22 22 9
3871 22 22 9
159 22 22 9
2207 22 23 9
1183 22 22 9
3231 22 22 9
671 22 22 9
2719 1 23 9
1695 22 22 9
3743 22 23 9
415 22 22 9
2463 1 23 9
1439 22 22 9
3487 22 23 9
927 22 22 9
2975 22 23 9
1951 22 22 9
3999 22 23 9
95 22 22 9
2143 22 23 9
1119 22 22 9
3167 22 22 9
607 22 22 9
2655 22 23 9
1631 22 22 9
3679 22 23 9
351 22 22 9
2399 1 23 9
1375 22 22 9
3423 22 22 9
863 22 22 9
2911 22 23 9
1887 22 22 9
3935 22 22 9
223 22 22 9
2271 1 23 9
1247 22 22 9
3295 22 22 9
735 22 22 9
2783 22 23 9
1759 22 22 9
3807 21 23 9
479 22 22 9
2527 1 23 9
1503 22 22 9
3551 22 22 9
991 22 22 9
3039 22 23 9
2015 22 22 9
4063 21 21 9
63 22 22 9
2111 21 23 9
1087 22 22 9
3135 22 22 9
575 22 22 9
2623 21 23 9
1599 22 22 9
3647 21 23 9
319 22 22 9
2367 1 23 9
1343 22 22 9
3391 22 23 9
831 22 22 9
2879 1 23 9
1855 22 22 9
3903 22 23 9
191 22 22 9
2239 1 23 9
1215 22 22 9
3263 22 23 9
703 22 22 9
2751 1 23 9
1727 22 22 9
3775 21 23 9
447 21 21 9
2495 1 23 9
1471 22 22 9
3519 22 23 9
959 22 22 9
3007 22 23 9
1983 21 21 9
4031 1 23 9
127 22 22 9
2175 1 23 9
1151 22 22 9
3199 22 23 9
639 22 22 9
2687 1 23 9
1663 21 21 9
3711 1 23 9
383 22 22 9
2431 1 23 9
1407 22 22 9
3455 21 23 9
895 22 22 9
2943 1 23 9
1919 22 22 9
3967 21 22 9
255 22 22 9
2303 1 23 9
1279 21 21 9
3327 21 21 9
767 21 21 9
2815 21 22 9
1791 22 22 9
3839 21 21 9
511 21 21 9
2559 1 23 9
1535 21 21 9
3583 21 23 9
1023 22 22 9
3071 22 23 9
2047 21 21 9
4095 21 23 9
----
