255 28 28 3
383 28 28 3
447 28 28 3
479 29 29 6
495 28 28 10
639 29 29 3
703 29 29 3
735 29 29 6
751 31 31 10
831 29 29 3
863 29 29 6
879 29 29 10
927 28 28 10
1151 28 28 3
1215 29 29 3
1247 29 29 6
1263 28 28 10
1343 29 29 3
1375 29 29 6
1391 29 29 10
1439 28 28 10
1599 29 29 3
1631 29 29 7
1647 29 29 10
1695 29 29 10
1823 29 29 10
2175 29 29 3
2239 28 28 3
2271 29 29 6
2287 29 29 10
2367 29 29 3
2399 29 29 7
2415 29 29 10
2463 29 29 10
2623 29 29 3
2655 29 29 7
2671 29 29 10
2719 29 29 10
2847 29 29 10
3135 29 29 3
3167 29 29 7
3231 29 29 10
3359 29 29 10
3615 29 29 10
4223 28 28 3
4287 29 29 3
4319 29 29 6
4335 29 29 10
4415 30 30 3
4447 29 29 7
4463 29 29 10
4511 29 29 10
4671 29 29 3
4703 29 29 7
4767 29 29 10
4895 29 29 10
5183 29 29 3
5215 29 29 7
5279 29 29 10
5407 29 29 10
5663 29 29 10
6207 29 29 3
6239 29 29 10
6303 30 30 10
6431 29 29 10
6687 29 29 10
7199 29 29 10
8319 28 28 3
8383 28 28 3
8415 28 28 6
8431 29 29 10
8511 29 29 3
8543 29 29 6
8559 29 29 10
8607 29 29 10
8767 29 29 3
8799 29 29 7
8863 29 29 10
8991 29 29 10
9279 29 29 3
9311 28 28 7
9375 29 29 10
9503 29 29 10
9759 28 28 10
10303 28 28 3
10335 29 29 10
10399 30 30 10
10527 29 29 10
10783 29 29 10
11295 29 29 10
12351 29 29 6
12383 29 29 10
12447 29 29 10
12575 28 28 10
12831 29 29 10
13343 28 28 10
14367 29 29 10
16511 28 28 3
16575 28 29 3
16607 29 29 6
16623 28 30 10
16703 29 30 3
16735 29 30 7
16751 29 30 10
16799 29 30 10
16959 29 29 3
16991 28 30 7
17055 29 30 10
17183 28 30 10
17471 28 30 3
17503 29 29 7
17567 29 30 10
17695 29 30 10
17951 29 30 10
18495 28 29 3
18527 29 30 10
18591 31 31 10
18719 29 30 10
18975 29 30 10
19487 29 30 10
20543 29 29 3
20575 29 29 10
20639 29 30 10
20767 28 30 10
21023 29 30 10
21535 29 29 10
22559 29 30 10
24639 28 29 3
24671 29 30 10
24735 29 31 10
24863 29 30 10
25119 28 31 10
25631 29 30 10
26655 28 30 10
28703 29 30 10
17007 29 30 10
4719 30 30 10
3183 29 29 10
8815 29 29 10
17519 29 30 10
5231 29 29 10
9327 29 29 10
6255 29 29 10
