15 2 255 9
15 3 255 9
15 4 255 9
15 5 255 9
15 6 255 9
15 7 255 9
15 8 255 9
15 9 255 9
15 10 255 9
15 11 255 9
15 11 11 9
23 12 255 9
23 12 12 9
39 12 12 9
71 11 12 9
27 11 11 9
43 11 11 9
75 12 12 9
51 11 11 9
83 12 12 9
99 11 11 9
29 12 12 9
45 12 12 9
77 12 12 9
53 11 11 9
85 11 12 9
101 12 12 9
57 11 11 9
89 12 12 9
105 12 12 9
113 11 12 9
30 12 12 9
46 12 12 9
78 12 12 9
54 11 11 9
86 11 11 9
102 11 11 9
58 12 12 9
90 11 12 9
106 12 12 9
114 11 11 9
60 11 11 9
92 11 12 9
108 11 11 9
116 12 12 9
120 11 11 9
7 11 12 9
11 11 11 9
19 11 11 9
35 11 11 9
67 11 11 9
13 11 12 9
21 11 12 9
37 11 11 9
69 11 12 9
25 11 12 9
41 11 11 9
73 11 12 9
49 11 12 9
81 11 12 9
97 11 12 9
14 11 11 9
22 11 11 9
38 11 11 9
70 11 11 9
26 11 12 9
42 11 11 9
74 11 11 9
50 11 11 9
82 11 12 9
98 11 11 9
28 11 12 9
44 11 11 9
76 11 11 9
52 11 11 9
84 11 12 9
100 11 11 9
56 11 11 9
88 11 11 9
104 11 11 9
112 11 11 9
31 11 11 9
47 11 11 9
79 11 12 9
55 11 11 9
87 11 12 9
103 11 11 9
59 11 11 9
91 1 12 9
107 11 12 9
115 1 12 9
61 11 11 9
93 11 12 9
109 11 11 9
117 11 11 9
121 11 12 9
62 11 11 9
94 1 12 9
110 11 11 9
118 11 12 9
122 11 12 9
124 11 12 9
3 12 12 9
5 12 12 9
9 12 12 9
17 12 12 9
33 11 12 9
65 11 11 9
6 11 11 9
10 12 12 9
18 12 12 9
34 12 12 9
66 12 12 9
12 11 11 9
20 11 12 9
36 12 12 9
68 11 11 9
24 11 11 9
40 11 11 9
72 11 11 9
48 11 11 9
80 12 12 9
96 11 12 9
63 11 11 9
95 12 12 9
111 11 11 9
119 12 12 9
123 12 12 9
125 11 11 9
126 12 12 9
1 11 11 9
2 11 11 9
4 11 11 9
8 11 11 9
16 11 11 9
32 10 12 9
64 1 12 9
127 11 11 9
----
