56 2 255 9
56 3 255 9
56 4 255 9
56 5 255 9
56 6 255 9
56 7 255 9
56 8 255 9
56 9 255 9
56 9 9 9
52 9 9 9
50 9 9 9
49 9 9 9
44 9 9 9
42 9 9 9
41 9 9 9
38 9 9 9
37 9 9 9
35 9 9 9
28 9 9 9
26 9 9 9
25 9 9 9
22 9 9 9
21 9 9 9
19 9 9 9
14 9 9 9
13 9 9 9
11 9 9 9
7 9 9 9
60 9 9 9
58 9 9 9
57 9 9 9
54 9 9 9
53 9 9 9
51 9 9 9
46 9 9 9
45 9 9 9
43 9 9 9
39 9 9 9
30 9 9 9
29 9 9 9
27 9 9 9
23 9 9 9
15 9 9 9
48 9 9 9
40 9 9 9
36 9 9 9
34 9 9 9
33 9 9 9
24 9 9 9
20 9 9 9
18 9 9 9
17 9 9 9
12 9 9 9
10 9 9 9
9 9 9 9
6 9 9 9
5 9 9 9
3 9 9 9
62 9 9 9
61 9 9 9
59 9 9 9
55 9 9 9
47 9 9 9
31 9 9 9
32 9 9 9
16 9 9 9
8 9 9 9
4 9 9 9
2 9 9 9
1 9 9 9
63 9 9 9
----
