240 2 255 9
240 3 255 9
240 4 255 9
240 5 255 9
240 6 255 9
240 7 255 9
240 8 255 9
240 9 255 9
240 10 255 9
240 11 255 9
240 12 255 9
240 13 255 9
240 13 13 9
232 14 255 9
232 14 14 9
228 13 13 9
226 13 13 9
225 13 14 9
216 13 13 9
212 13 13 9
210 14 14 9
209 13 13 9
204 14 14 9
202 13 13 9
201 13 14 9
198 13 13 9
197 13 14 9
195 13 13 9
184 13 13 9
180 13 13 9
178 13 13 9
177 13 14 9
172 13 13 9
170 13 13 9
169 13 14 9
166 14 14 9
165 13 13 9
163 13 14 9
156 13 13 9
154 13 13 9
153 13 13 9
150 13 13 9
149 13 14 9
147 14 14 9
142 13 13 9
141 13 14 9
139 13 13 9
135 13 14 9
120 13 13 9
116 13 13 9
114 13 13 9
113 13 14 9
108 14 14 9
106 13 13 9
105 13 14 9
102 13 13 9
101 13 14 9
99 13 13 9
92 14 14 9
90 13 13 9
89 13 14 9
86 13 13 9
85 13 14 9
83 13 13 9
78 13 13 9
77 13 13 9
75 13 14 9
71 13 13 9
60 13 13 9
58 13 13 9
57 13 14 9
54 13 13 9
53 13 14 9
51 13 14 9
46 13 13 9
45 13 14 9
43 13 13 9
39 13 13 9
30 13 13 9
29 13 14 9
27 13 13 9
23 13 14 9
15 13 13 9
248 13 13 9
244 13 13 9
242 13 13 9
241 1 14 9
236 13 13 9
234 13 13 9
233 1 14 9
230 13 13 9
229 1 14 9
227 13 13 9
220 13 13 9
218 14 14 9
217 13 14 9
214 13 13 9
213 1 14 9
211 13 13 9
206 13 13 9
205 1 14 9
203 13 13 9
199 1 14 9
188 13 13 9
186 13 13 9
185 13 14 9
182 13 13 9
181 13 14 9
179 13 13 9
174 13 13 9
173 1 14 9
171 13 13 9
167 1 14 9
158 13 13 9
157 1 14 9
155 13 14 9
151 13 14 9
143 13 14 9
124 13 13 9
122 13 13 9
121 1 14 9
118 13 13 9
117 1 14 9
115 13 13 9
110 13 13 9
109 14 14 9
107 13 13 9
103 13 14 9
94 13 13 9
93 1 14 9
91 13 13 9
87 1 14 9
79 13 14 9
62 13 13 9
61 1 14 9
59 13 13 9
55 13 14 9
47 14 14 9
31 13 14 9
224 13 14 9
208 14 14 9
200 13 14 9
196 13 14 9
194 13 13 9
193 13 13 9
176 13 14 9
168 13 14 9
164 13 13 9
162 13 14 9
161 13 13 9
152 13 13 9
148 13 14 9
146 14 14 9
145 13 13 9
140 13 14 9
138 13 13 9
137 13 13 9
134 14 14 9
133 13 14 9
131 13 14 9
112 13 14 9
104 13 14 9
100 13 14 9
98 13 13 9
97 13 13 9
88 13 14 9
84 13 14 9
82 13 13 9
81 13 13 9
76 13 13 9
74 13 14 9
73 13 14 9
70 13 13 9
69 13 13 9
67 13 14 9
56 13 14 9
52 13 14 9
50 13 14 9
49 13 14 9
44 13 14 9
42 13 13 9
41 13 13 9
38 13 13 9
37 13 13 9
35 13 14 9
28 13 14 9
26 13 13 9
25 13 13 9
22 13 14 9
21 13 14 9
19 13 14 9
14 13 13 9
13 13 13 9
11 13 13 9
7 13 13 9
252 13 13 9
250 13 13 9
249 1 14 9
246 13 13 9
245 1 14 9
243 13 13 9
238 13 13 9
237 1 14 9
235 13 13 9
231 1 14 9
222 14 14 9
221 1 14 9
219 14 14 9
215 1 14 9
207 13 13 9
190 13 13 9
189 13 14 9
187 13 13 9
183 13 14 9
175 13 13 9
159 13 14 9
126 13 13 9
125 1 14 9
123 13 13 9
119 1 14 9
111 13 13 9
95 13 14 9
63 13 13 9
192 13 13 9
160 13 13 9
144 13 13 9
136 13 13 9
132 13 14 9
130 13 14 9
129 13 14 9
96 13 13 9
80 13 13 9
72 13 14 9
68 13 13 9
66 13 14 9
65 13 14 9
48 13 14 9
40 13 13 9
36 13 13 9
34 13 14 9
33 13 14 9
24 13 13 9
20 14 14 9
18 13 14 9
17 12 14 9
12 13 13 9
10 13 13 9
9 13 13 9
6 13 13 9
5 13 13 9
3 13 13 9
254 13 13 9
253 1 14 9
251 13 13 9
247 1 14 9
239 13 13 9
223 1 14 9
191 13 13 9
127 1 14 9
128 13 14 9
64 13 14 9
32 13 14 9
16 13 14 9
8 13 13 9
4 13 13 9
2 13 13 9
1 13 13 9
255 13 13 9
----
