7257 24 25 9
7260 24 24 9
7269 24 25 9
7273 24 25 9
7276 24 24 9
7281 24 25 9
7282 24 24 9
7284 24 24 9
7307 24 24 9
7309 24 25 9
7310 24 24 9
7315 24 24 9
7317 24 25 9
7318 25 25 9
7321 24 25 9
7322 24 24 9
7324 24 24 9
7331 24 24 9
7333 24 25 9
7334 24 24 9
7337 24 25 9
7338 24 24 9
7340 24 24 9
7345 24 25 9
7346 24 24 9
7348 24 24 9
7352 24 24 9
7363 24 24 9
7365 24 25 9
7366 24 24 9
7369 24 25 9
7370 24 24 9
7372 24 24 9
7377 24 25 9
7380 24 24 9
7384 24 24 9
7393 24 24 9
7394 24 24 9
7396 24 24 9
7400 24 24 9
7408 24 24 9
7431 24 25 9
7435 24 24 9
7437 24 24 9
7438 24 24 9
7443 24 24 9
7445 24 25 9
7446 24 24 9
7449 24 25 9
7450 24 24 9
7452 24 24 9
7459 24 24 9
7461 24 25 9
7462 24 24 9
7465 24 25 9
7466 24 24 9
7468 24 24 9
7473 24 25 9
7474 24 24 9
7476 24 24 9
7480 24 24 9
7491 24 24 9
7493 24 25 9
7494 24 24 9
7497 24 25 9
7498 24 24 9
7500 24 24 9
7505 24 25 9
7506 24 24 9
7508 24 24 9
7512 24 24 9
7521 24 25 9
7522 24 24 9
7524 24 24 9
7528 24 24 9
7536 24 24 9
7555 24 24 9
7557 24 25 9
7558 24 24 9
7561 24 25 9
7562 24 24 9
7564 24 24 9
7569 24 25 9
7570 24 24 9
7572 25 25 9
7576 24 24 9
7585 24 25 9
7586 24 24 9
7588 24 24 9
7592 24 24 9
7600 24 24 9
7617 24 25 9
7618 24 24 9
7620 24 24 9
7624 24 24 9
7632 25 25 9
7648 24 24 9
7687 24 25 9
7691 24 24 9
7693 24 25 9
7694 24 24 9
7699 24 24 9
7701 24 25 9
7702 24 24 9
7705 24 25 9
7706 24 24 9
7708 24 24 9
7715 24 25 9
7717 24 25 9
7718 25 25 9
7721 24 25 9
7722 24 24 9
7724 24 24 9
7729 24 25 9
7730 24 24 9
7732 24 24 9
7736 24 24 9
7747 24 25 9
7749 24 25 9
7750 24 24 9
7753 24 25 9
7754 24 24 9
7756 24 24 9
7761 24 25 9
7762 24 24 9
7764 24 24 9
7768 24 24 9
7777 24 25 9
7778 24 24 9
7780 24 24 9
7784 24 24 9
7792 25 25 9
7811 24 24 9
7813 24 25 9
7814 25 25 9
7817 24 25 9
7818 24 24 9
7820 24 24 9
7825 24 25 9
7826 24 24 9
7828 24 24 9
7832 24 24 9
7841 24 25 9
7842 24 24 9
7844 24 24 9
7848 24 24 9
7856 24 24 9
7873 24 25 9
7874 24 24 9
7876 24 24 9
7880 24 24 9
7888 24 24 9
7904 24 24 9
7939 24 24 9
7941 24 25 9
7942 24 24 9
7945 24 25 9
7946 24 24 9
7948 24 24 9
7953 24 24 9
7954 24 24 9
7956 24 24 9
7960 24 24 9
7969 24 24 9
7970 24 24 9
7972 24 24 9
7976 24 24 9
7984 24 24 9
8001 24 25 9
8002 24 24 9
8004 24 24 9
8008 24 24 9
8016 24 24 9
8032 24 24 9
8065 25 25 9
8066 24 24 9
8068 24 24 9
8072 24 24 9
8080 24 24 9
8096 24 24 9
8128 24 24 9
7288 24 24 9
7303 24 24 9
7253 24 25 9
7274 24 24 9
